601200
688408
688362
300689
688153
002038
600869
688002
601968
688108
002091
003036
301089
002558
603119
002782
301076
002831
002132
300394
000759
688088
600188
688139
002039
301236
603337
603629
600985
002162
002056
300154
688205
688233
300537
301148
601186
000712
688141
601801
605198
600284
601163
688027
000612
002429
600814
003816
301059
688266
600165
601628
002210
600511
688230
300591
688121
600919
002742
300769
603208
600113
600303
605337
002174
688633
600893
301486
001258
301596
301328
301315
301255
002847
300823
301137
002966
300945
300100
600778
603866
001211
300125
300473
600479
002726
688399
301110
002372
002808
002705
603341
000568
300316
300049
002043
300251
000028
600289
688008
301206
600794
002897
600172
301175
605005
688004
603318
300474
300630
688793
002946
002185
301213
000652
600789
300374
603871
300709
300033
603393
688708
301500
600158
301326
002221
603585
601058
600724
688472
002518
603733
000852
603759
002895
002747
002836
600193
600028
001308
301617
601908
002168
688130
000581
000776
688188
600212
600362
688686
688017
002827
688590
601668
601366
688716
603007
002510
300059
301626
688750
605136
002920
002262
600348
600757
688050
688298
688182
688726
600903
601916
300751
688281
688029
300164
688375
603221
002317
601788
688248
300683
002164
601229
002348
600675
300208
002276
601800
601298
601121
300904
688627
603948
300384
002042
600080
300308
600963
002730
600845
688115
688076
300691
300641
688655
002200
603158
603811
688665
688087
601601
688621
603310
600601
002105
002085
300892
300788
605133
605300
600865
601333
688026
603219
300798
600219
600064
301071
600984
300632
300975
601166
002815
300622
300795
601998
301030
301161
605168
603109
300319
000505
300307
688653
603056
300765
600846
603500
301589
603587
600054
601033
600859
600673
688271
601997
603236
300425
000403
000683
002014
600505
600621
001872
002099
603016
301108
002911
301251
002258
600838
000657
603719
603228
001322
002407
301280
301498
600600
600901
002243
600694
600926
300671
688533
300504
002438
002779
603083
600331
688028
688575
002256
603390
601939
603529
601666
002697
688611
002293
002922
002415
002517
603999
003030
301363
002003
301265
603421
603960
600660
300440
002111
688428
603950
000541
301093
603698
300580
601288
601021
002419
601827
688559
603688
301568
002768
601222
688629
600717
002216
600233
603737
002906
001226
600208
605081
688083
002218
300700
300953
003000
002676
601006
603035
603019
601319
605090
002603
600876
600556
603105
300760
688303
002144
603377
002988
002328
688132
301269
002698
300992
301209
603018
601179
000059
688351
601077
000906
300803
603207
301536
001323
601108
001311
603711
600965
605305
601963
603199
600732
600375
002557
300388
603307
300776
603906
688719
002422
600839
600736
600894
600741
002597
000786
300108
002046
002097
002820
300124
601100
601818
300527
300405
300518
002889
603776
605507
300179
000886
688036
603855
002061
600908
688612
603311
603682
002067
603101
301220
603365
002580
301061
301325
301252
002233
688159
600740
000338
603380
301267
001373
002126
600016
603388
600015
600829
300628
002595
688386
300690
002309
300719
300590
601717
600461
002395
002746
002534
600999
601825
600682
300566
600292
601117
301187
002390
300866
601658
688363
002170
002080
605100
605378
301603
001227
603398
301311
000422
600143
688125
688690
600312
600598
001228
601975
600754
002859
600721
301538
001358
301221
601816
002588
601688
002799
688526
688035
300737
301259
300441
300480
600031
600737
605186
300913
600376
600503
300684
601010
603103
601898
603558
600775
600269
002905
603992
600345
002351
601088
300917
688698
300724
002271
600585
000526
603299
603057
601398
600012
600315
600007
002471
603712
603359
603166
603323
601869
600073
002708
603980
300278
301086
605118
601689
002396
688662
600888
601607
001379
002077
688072
300593
002807
603915
603209
688552
600333
300554
002472
002793
603638
002856
000755
300817
600216
688062
001317
601360
002616
600000
688337
301316
000001
603239
002582
601198
688981
605008
002150
301508
688041
603180
688516
002617
688208
001223
002818
300577
300916
002728
600955
000419
601003
002963
301035
600958
002032
600864
600123
300233
300633
600875
300602
688157
601838
600596
603033
002455
600025
601857
300699
600036
601369
601512
301289
000807
002789
001378
603917
000933
002848
000501
300203
603773
600867
301211
600177
601995
300979
600136
601336
002208
688385
002048
301179
605277
001212
002715
000598
600886
603843
601877
603806
000627
300718
300547
688577
300107
601665
688598
601128
688605
000810
000803
002142
301182
000421
600273
600089
301505
002029
600941
300706
688282
002801
300847
002948
600793
603193
603969
300959
603353
601999
603355
603369
300572
002251
688048
300042
001282
600603
601577
603291
300046
600050
603225
001239
601137
688639
003010
600803
001283
600480
000785
688676
603666
688171
300411
300893
002375
601116
688192
300035
688479
600363
605566
300041
601933
000544
600579
688319
688560
603023
603100
300972
300777
688239
601169
002593
600613
601611
600989
600383
300138
301021
000719
600862
688449
688318
688458
002666
688799
000039
300196
601059
600486
603188
301045
688347
301516
002219
600137
002481
603929
600182
601900
002775
600557
603009
603206
300793
300499
603596
600403
002082
002245
301377
301517
600300
002660
300382
000893
600019
600738
000628
000506
300255
688523
002970
301371
301360
601686
688366
000912
601187
300833
000620
002884
000880
603061
001296
002771
600301
600898
000538
603619
300679
300073
600533
000615
603281
002246
601988
002244
301548
688513
601678
002287
601952
002386
000425
601390
688203
600792
603589
601860
002265
301580
301396
301128
300442
300629
603919
601528
002302
000597
300224
000159
601318
600674
002068
301522
600266
300849
301101
600160
301622
001202
688420
001965
600255
000415
605158
002840
688187
300502
300393
603896
601598
301520
601155
301591
600210
603777
600735
688522
600801
000680
600785
600462
603308
601009
