603389
002399
301276
002059
002991
300947
603986
600318
301113
003036
603223
300570
605151
000713
002811
002654
002092
002709
301008
002065
301165
601500
603216
300260
603012
300153
002612
002602
002187
688766
300811
688162
605333
002148
601038
688205
688226
603004
600996
000850
002919
601163
603153
688278
600006
002596
300426
605303
601777
002364
600851
300395
300076
002033
600919
002743
002312
002174
601872
301287
300295
300814
300615
605499
300381
000702
300640
300863
301235
688069
601238
301237
002847
002899
600377
688580
600778
301297
600021
603608
600066
300338
002875
002667
002929
000559
605589
300043
002568
600289
300002
002469
002487
603167
002281
002888
000428
301361
003042
002685
002181
688708
002221
601058
600724
001222
300162
605255
300702
002353
002895
603602
002614
002650
600028
002780
600246
300223
300386
301336
300558
688750
603679
300141
603330
300231
000155
688692
600039
300102
301202
600234
601919
603667
600577
603136
605598
688103
603333
600714
603988
301162
601298
688486
301353
300990
300150
301066
002069
600593
300541
600498
002173
600749
300219
603556
000715
301558
603315
600201
001234
300040
605178
603787
600601
600052
300926
000811
603600
601969
301388
600428
605167
002555
601166
300622
300795
688720
300668
601216
688800
603316
603058
301589
301379
002227
000833
603587
600054
002713
603000
688506
300791
600299
603557
600302
000063
000793
002014
001872
301027
600171
301108
301323
605365
002154
600313
688596
600926
300671
002540
301408
605366
000524
002255
300087
002199
603079
600331
002851
002949
002432
603999
003030
002003
600892
300859
600295
603950
688235
301299
301446
601028
001380
600589
600098
601019
688563
605180
002514
600546
003026
605122
605111
688169
300472
600728
002357
603977
002942
002410
605500
000816
001206
002758
000809
603019
603978
601698
603838
301009
000938
002144
603706
002898
600584
688132
002442
600582
301469
601179
002955
000796
300299
600833
301091
603199
603005
688300
601126
300506
603307
600848
600736
688197
301566
603059
601616
603729
300108
600880
301391
301227
002858
300405
002159
301012
300450
000886
603682
001309
601918
300467
300805
002331
603214
301325
603565
300373
600487
603709
301366
603290
301183
300420
600676
600060
603655
300240
600829
000543
300628
300475
300218
002309
300470
600571
000659
601339
300866
603599
688252
300852
688222
000422
300939
603081
600185
002217
300302
600312
300025
603269
001332
000532
000610
600529
688550
301259
300081
000957
688372
688183
300989
301348
603103
300648
000929
600256
000802
002905
688093
000031
600645
600106
600956
002383
301010
600012
605289
603959
600561
603069
001389
001387
300584
002016
300673
000735
300550
301086
688267
600707
002842
300148
600132
002077
000056
301633
002890
300851
002639
600628
000863
600774
000755
600826
301487
002649
300407
001317
301386
300712
002123
600679
605099
002908
300976
600889
603887
603530
688981
002138
300571
002825
301070
300577
002103
002873
002728
002584
300144
002045
002963
002032
603717
300973
300903
600861
300756
000400
600036
688798
603917
000501
601766
002175
688047
002576
603099
600177
002962
603912
300657
601599
605336
603863
600933
301228
600228
600272
002762
603803
605577
300710
600100
601811
688772
002707
301042
688009
000803
300481
002058
300786
603096
002029
000753
600941
002292
600793
300959
601999
300522
600706
300609
003010
600803
301428
001283
300901
605288
301337
300933
301176
601990
002161
002163
301320
603220
601933
000651
002552
600455
300941
603615
002712
300298
600629
600808
688449
300774
002377
603607
600900
603213
603238
600137
600689
300310
002178
301335
603399
605266
300499
603596
002082
000888
300491
600300
300382
688279
600156
600019
000917
000909
300826
605258
300833
002824
603312
000679
300617
605169
000615
603187
300348
300888
000425
001300
301118
603511
600368
600520
603303
301376
002149
300442
300542
002986
002463
002304
688110
002301
600563
002339
002068
000892
002916
688685
000821
301622
002689
003037
600821
300209
603107
002857
600265
600982
600686
600519
300468
603128
002953
600785
