300689
002038
603337
601628
601677
601872
301358
300910
300473
603195
300316
605589
002043
600057
300374
603871
002221
002353
000852
603759
601908
000776
002958
601916
002393
603699
002011
601800
603948
600578
600963
300832
688087
002226
300926
301000
601696
601333
601798
301071
300906
300307
603056
603500
000403
001872
603063
600901
002922
000528
603960
002419
688091
301327
002648
000906
601108
605305
601233
002557
600839
000786
002046
300274
603855
600908
000338
002126
601717
601117
002344
601018
601975
601688
002839
603299
600406
603323
002807
300554
605050
000755
601881
600000
000001
600875
600596
002455
600583
600025
601619
000685
688663
301278
603277
000627
601128
600273
002488
000157
688567
601577
600648
603225
001239
002027
600795
601611
600989
601059
600486
002468
000728
600061
600446
601686
601187
002884
002001
300010
601860
601528
601318
600160
603050
002249
688522
601009
