000571
601200
002773
600869
002091
300239
000998
600008
300650
002022
603102
002363
600378
603216
300695
603897
688162
688768
002148
300275
300092
001314
600820
603663
002575
600284
000612
600006
002596
600814
002297
002862
601880
002972
002299
002992
605268
002743
600857
301596
000407
601226
000589
605060
300125
600655
300265
000860
603678
301382
002929
000559
300697
300251
300115
300377
300446
603689
002868
002630
002168
002615
300558
300059
301387
600980
605188
688433
689009
600858
300164
688052
000967
603333
600528
600354
002358
601121
000669
300815
001339
001218
002040
688115
688076
000715
300936
301120
603315
300389
600601
301065
000049
600366
300376
603600
600925
002871
688073
600062
002957
002073
301499
603087
603967
001217
301161
301305
002479
002950
301217
000007
603367
002845
603496
605208
688533
688628
002697
688611
300757
301193
002236
600918
600295
002983
300301
300387
600874
301299
301383
601326
002733
300796
600380
000656
301586
002661
002440
300189
603377
002328
600582
002483
601279
002320
002597
601616
000922
002097
000969
300881
001338
300935
600416
688037
600127
301220
002580
002543
301189
603045
002233
688159
603709
600928
603388
601375
002609
688386
605196
603618
000920
603722
600355
002170
301389
001227
000915
002792
600598
600155
000983
301221
002588
300137
002752
603053
300018
688588
603359
000582
300424
000738
000609
000815
603690
688617
603209
603963
000417
603638
300817
605162
600356
002112
600664
601555
002778
000905
002387
600262
688289
603031
300306
688156
605008
002825
002441
002448
600508
688682
301035
002925
600711
603078
603325
603708
600218
300447
600861
001230
001378
002848
600635
600599
601136
603586
000700
002561
002546
603931
001213
000030
603071
002801
603355
300572
002823
688147
002394
000533
601116
605566
000544
001219
688239
600629
000039
600103
002090
300095
002550
300401
301050
603920
301335
002987
600535
600081
600114
001210
688597
002973
688382
600381
600367
300835
600468
002688
600197
300559
001207
002436
002361
301082
603187
601952
002267
600298
002041
000570
300221
300669
000415
002840
600126
600115
600265
601236
000902
600517
000697
600462
603308
