300610
601200
002787
300891
300129
300982
002201
688153
000563
688680
300071
002444
600223
301085
002044
002773
002059
300509
688287
600869
300545
688002
601595
300952
600643
300229
600481
301262
300030
002863
300501
300412
600318
301113
601001
002817
000410
300570
002066
300650
002558
301518
600843
600969
603119
301076
000713
300994
301332
300409
002132
002092
603039
600537
000759
603102
601858
001225
600188
002872
002363
603043
600378
688107
603216
002039
002853
000591
000908
002612
002187
300061
301236
688766
688162
002492
600009
000401
603138
002228
600540
600985
300275
002162
300638
000978
603808
603298
688186
688205
301511
600419
301260
002732
605339
300344
605376
000012
600996
000850
300268
600249
605198
000036
688027
000612
603336
002596
688529
002763
600814
002362
003816
600192
600435
688266
300528
002862
300288
002459
600165
301177
605066
601628
601777
002299
301231
600511
600851
688121
600236
300076
301005
002033
003025
605599
002623
600983
603098
603208
600113
603949
603848
601996
688521
600977
688613
600303
605337
688425
688484
600230
603178
688586
002887
601872
002400
688019
688275
603230
605077
600258
600493
603331
002237
301486
688355
600668
301596
300640
000987
002274
002234
002247
300698
688212
300863
603108
600665
301315
002559
002486
300823
002532
300019
301329
603358
002098
688409
300627
603326
603066
601007
600482
600655
603040
300117
301152
002591
300909
000903
600267
603637
600715
002156
300338
603194
688376
688096
301382
301103
002627
603818
300316
600802
603235
002330
603856
688370
300049
000737
600448
601118
300043
601899
300770
600057
600289
600797
301330
002861
002307
601519
301007
600794
002897
688306
603203
002466
000910
301186
000789
002490
002008
603176
600566
603686
688622
601588
301381
002487
002785
002687
600018
600761
000009
301105
000428
002185
600789
301160
688380
300374
002512
600637
300709
300758
600573
300022
601929
002181
601921
300052
002722
603393
600560
688708
600733
000430
600158
301298
603585
600724
001222
600449
000859
688231
301171
603733
603759
002895
002404
603602
002614
688702
002734
002836
603860
300347
000711
601908
300965
688788
002168
603800
301029
300876
000058
002615
002196
300005
688686
688017
002531
600782
600399
601702
600633
600968
603566
601668
300558
688671
301210
002691
603215
002510
605136
002291
002262
300861
603330
688225
002478
300250
000554
688692
603305
002958
002757
688433
001238
300237
688298
002601
000990
301106
000590
601211
300956
601916
300751
600234
000876
301413
000977
600259
601919
603533
603221
000822
603598
603136
601177
301092
001306
688052
688005
600835
300683
601229
000557
002769
600844
300326
301011
002348
002653
300464
688001
600131
300335
600714
600528
000507
600433
600354
002467
601298
002306
600804
600350
301356
688627
300150
600649
000869
301072
001231
603139
600593
002042
300541
300058
600578
600963
300842
600749
300219
605108
603628
600998
688566
002040
600716
688115
600075
002683
001319
601606
603270
000783
301558
600575
002485
000831
002110
002423
603158
000726
300809
600725
600201
603811
001234
601601
600151
002006
600610
000720
301155
688621
300040
603363
603725
688206
603787
301200
688135
001318
002139
600052
688095
300585
002105
688081
601022
002179
600847
300763
002798
000811
603600
605300
600865
603993
002279
688595
002703
601798
600219
600064
002507
300921
603282
002957
002901
301388
600984
300632
300666
300879
688416
605138
600590
605009
300118
603967
301030
002240
001217
688720
688400
688163
603185
605168
301025
000026
301073
000721
603648
600753
002120
301628
603022
603109
000505
300307
600970
002005
000584
002083
603878
301131
000525
002388
603316
600938
688519
300765
600846
002177
002829
688138
002891
300792
002462
603275
300192
600382
603587
600054
002169
002713
000885
000797
601956
688097
688271
300696
300791
601997
603236
600299
603557
600302
300425
000752
300354
000403
002876
000793
603579
600505
001872
300166
002950
002896
603328
600171
603568
688099
002017
301016
603381
300651
301217
002911
600523
600838
001286
002850
300007
605286
600962
603155
002154
603093
301456
688600
001322
600067
300242
002176
600901
603231
688596
600694
000088
603496
600926
002540
600071
300135
601865
301408
603172
603151
603015
603505
300773
601939
002284
300761
601666
002697
600173
300940
002949
300611
300757
300880
002517
603999
003030
002389
000823
688003
002012
603421
000017
600892
603095
600011
601008
600755
002264
300859
000757
003018
301043
600295
002081
002095
002232
301093
600650
688235
603728
600159
002128
603267
600098
601019
601288
688563
600320
002451
002830
600546
301057
002009
002419
000546
300133
300662
002318
600748
603086
605111
688561
688258
600630
601326
002768
605003
601985
601222
688629
300918
000010
603977
600615
603160
600717
002216
002679
002939
600119
000812
603721
000011
600604
688155
002223
000656
000932
600261
300658
688343
002758
002661
600250
300953
603998
002648
601006
002440
603019
600641
600426
600876
600556
688172
300189
603838
301009
300760
688303
002144
603706
603377
601061
605358
688210
301269
603018
688269
300439
688351
301203
002224
603351
002483
000761
001336
000796
300345
601077
603212
603211
688288
301266
600128
000906
000999
300299
002278
300177
301559
600916
000889
688695
003033
603711
002971
600965
002606
301091
600238
601963
688701
600732
600375
000409
300784
603027
002320
301168
600026
603005
688300
600587
688515
002961
300506
603825
301023
601866
300776
603368
300604
600257
300505
688129
002422
600848
002431
688608
600332
000883
300685
605177
002391
300834
003006
000626
603059
603729
603021
600880
600037
603701
002327
601566
301227
002820
600023
603163
002222
002985
300881
603886
601818
001333
002159
002313
002290
600483
600981
603082
605507
001278
002664
688037
000069
002990
000886
300311
603869
300515
002692
600997
000672
688112
000959
600389
688023
301189
002345
000402
002592
301061
688531
601636
002821
600730
603045
002965
603214
002233
603565
688168
300291
001229
301053
688646
003009
301368
600927
001373
300877
300085
688122
603388
000676
600676
600015
600512
688450
603237
300536
000534
603111
600768
000543
688196
600742
300449
300218
002309
688499
300329
301468
300898
605128
605196
600461
688191
002746
600987
002534
603189
603297
600571
603197
002193
600522
600718
600438
000791
601339
603722
600390
688219
002186
603617
601615
300494
601658
002449
002170
600719
301603
688398
002500
300987
600822
002197
001298
000953
300660
300752
300612
688049
688661
000422
600143
002570
600279
688390
688578
603081
000677
002310
600816
600185
002217
300437
002342
688031
601018
600022
603829
000663
001228
000610
601975
301507
600754
603515
001269
603680
603716
600529
000983
600777
002799
600657
002739
300081
002530
000635
605007
300458
688500
688377
600031
002752
301078
002675
600278
600662
000632
603861
688257
688620
600586
000655
688593
600425
300703
688548
688348
603103
300098
601898
301600
600269
301192
301185
688286
002905
300711
600712
000061
603113
600779
600683
600283
000031
601088
000404
300724
002316
601113
002271
605338
688607
688322
603997
600585
600106
000526
603299
001279
600153
601398
002286
301010
002121
603055
688178
600315
600007
000997
688569
000560
688085
603712
688588
002641
600561
603966
603069
688102
000582
003001
603323
000819
600906
603177
605377
688403
600207
002494
000622
002253
603757
002843
600073
000735
002549
002425
301392
601069
600853
002329
002235
002215
002053
603279
600612
601689
688335
688100
688662
002637
300148
000815
688195
000070
002886
603690
600132
601949
002077
002497
603908
000056
688617
605388
301633
002807
603915
688033
603209
603963
000558
002360
300851
002129
002671
603375
605222
603779
000166
002472
002323
600628
688332
000417
000863
000923
300785
002633
688213
603273
688520
002355
600760
603638
601579
603123
300860
000755
300817
600287
605162
603017
600356
002145
600826
600216
002553
002649
688223
300226
300407
688276
002294
001317
600664
603259
601555
600409
600120
000905
002387
002119
002238
300749
600967
688337
000708
603788
600679
000001
600889
002582
688071
002718
688981
601518
601377
300571
002825
603378
000607
603726
300654
603180
688516
603916
688016
002441
003016
002617
603085
603979
301188
600082
600083
600722
001223
002818
002448
002205
300577
002103
002343
600035
603536
603868
002584
000419
688013
300144
600626
688786
002443
000065
000151
000090
301035
603078
000523
603817
300963
600811
002434
601225
000686
300973
001236
600783
002682
300748
600861
002455
300667
600583
688184
300873
600121
600699
000928
600386
000603
688160
002860
000795
300699
600036
601512
000807
000963
000685
600819
300225
000933
000501
300779
002476
600867
300054
688047
688693
002576
600429
301211
603099
301225
002420
603182
603112
000035
002663
601599
688589
605336
600136
603586
301127
300804
000040
001212
002561
603321
300837
000972
002546
600616
603956
600497
601199
688777
600525
000068
000598
600228
301278
002659
600168
600831
301109
603277
002762
002926
603803
688636
002967
002644
688361
300067
600756
600790
600863
300364
002915
600538
605577
002881
603806
300854
600739
300718
002638
000756
688101
002707
002702
688577
603125
000030
002995
600917
601665
603828
603609
300459
002678
603661
301042
601128
001205
301182
000955
688691
000421
688098
000919
002790
600273
300477
603096
002029
600941
002094
605028
688579
600663
601882
688282
000949
603898
002948
300672
002292
301141
003031
000156
688232
000157
600793
003028
603969
600360
688567
301373
601999
300368
002802
603369
002172
300127
002823
000089
300106
688048
600706
002115
001282
301398
605287
300055
601577
603291
002624
600592
000503
300046
600648
688639
300403
601133
002086
002140
600803
603696
600658
002394
000762
600480
600543
605288
600099
603260
688171
600232
002528
300986
600873
688480
002375
601116
002161
002163
688070
002631
600184
688479
600515
000042
688667
605068
000548
002491
688270
000544
601600
300555
600337
688469
688560
002552
300487
001219
600455
688558
301037
603023
688018
688459
603615
301003
002712
600989
600383
002969
601012
000637
600639
000937
000719
300160
000851
002333
600415
688458
002666
300774
603416
300489
688530
600235
002377
002766
301178
003039
603068
603396
002951
600900
603213
301525
688283
603238
603188
300109
603286
002428
600316
605319
688606
600053
600137
600689
600671
300401
603790
603881
002481
002529
300755
002468
603444
600182
600107
603895
002775
300093
301212
603613
003038
301335
603399
605266
300499
603596
002064
600535
600883
301099
688496
300491
600114
002311
000893
600156
600019
002398
002482
603501
300624
001210
600135
600061
600738
000692
002515
600936
000839
000506
600020
600708
301533
605056
300255
688679
000877
688597
600199
000688
600550
002973
300013
600971
603386
605258
300907
601187
600367
002117
300833
600551
603836
605055
301063
300835
600141
603020
688309
300705
002520
002878
603061
600178
002937
600898
600197
000679
002774
601966
688429
002646
002608
688010
000498
688143
603619
301052
600105
300010
600533
605389
002822
002984
000716
002125
600323
300613
300582
300399
605169
002484
301263
000801
301548
601002
601678
600079
603187
688244
002287
000425
688618
600792
600229
688419
688119
001300
301300
300220
300132
603511
600298
002283
301149
603889
600805
603303
301611
603955
600828
600885
600410
002149
002809
002756
000529
301088
002640
002986
603919
300497
603778
601528
002695
603159
002302
300224
688503
688599
603466
002254
301448
000892
300661
600266
601618
300573
300688
002489
002192
301101
600545
300183
688502
000821
301622
001267
300063
603681
600400
600698
000415
300949
000936
002689
603032
000504
002865
603091
600176
600821
300393
603272
002857
000513
002141
603360
300413
600519
300781
301520
601236
301117
603171
603128
002020
688166
600397
603777
603730
600735
603408
605299
600801
002057
600830
002765
