688002
300952
300412
603344
301518
002363
688186
301511
002338
300344
603173
002919
688529
600435
688181
601677
603208
688521
688019
603331
600501
002237
000702
300640
002274
300698
600665
300043
600794
301186
000789
002008
301310
601609
002185
300709
301500
603585
603733
002836
301029
300558
688692
688020
000878
300167
001306
600835
688627
301072
002042
002165
688115
002006
301155
688095
002703
603799
300879
688720
300307
603056
688519
300765
603058
002829
688138
688179
688097
601958
600299
000403
001872
300512
301016
001322
603231
603496
603151
603505
002284
002232
600650
688235
001380
002009
600536
603086
002768
688629
600615
300796
688172
603838
688128
301269
002698
001336
002971
600375
300506
301023
600796
002391
603059
000630
300124
002222
300639
002647
603082
001278
002664
300515
300980
688122
603111
301158
000701
605128
605196
300191
600595
002534
688219
300494
301603
600976
300290
002310
301221
603528
301112
300258
002675
600731
688418
688286
600345
000997
688085
603166
688090
002409
301392
601069
002708
300278
002215
688195
688075
002497
300681
301633
301196
002671
002355
600760
605162
301571
002599
600967
688337
002441
603085
002448
002195
603325
300963
688448
301421
000055
603006
300225
002420
301127
002933
002026
300222
002114
300549
300786
000970
688282
000949
003028
002823
688048
001282
301398
600592
000762
600480
002940
605068
300487
002666
002766
688799
603188
605319
002716
300401
688615
601900
001979
603596
688167
600114
603619
688630
605389
300293
002756
300573
002460
002689
601236
603650
601515
