601200
002201
301022
600491
000563
688114
688455
688021
688287
300545
601968
300595
601595
300952
600887
002054
688247
603385
600133
603301
300501
688161
600318
002091
301113
300239
000410
300337
301272
002066
300650
600109
002558
301518
603119
301076
300994
300409
002132
000759
601015
603102
301008
002605
002065
002872
002363
688139
301283
002214
600693
002583
300275
300314
002162
002289
301367
300746
301077
600776
301313
603816
003004
000712
601801
600249
002642
000036
600284
002989
000612
603153
300070
002596
688529
002763
603612
600814
688510
601099
605303
688266
002368
300528
601880
600165
002972
688057
300113
301231
002992
688121
300279
002571
002742
300769
300285
603208
688082
688585
001255
600303
600857
688586
002887
002174
301287
300840
688633
605499
603937
002274
002340
688212
000407
600665
301315
002559
002268
002847
300823
002899
600377
301329
603358
300627
605060
600769
000420
600778
603048
300910
000014
600482
002629
301152
300265
600439
600479
002726
000860
600715
002457
603194
603678
300697
600691
688137
300049
000737
688302
300072
300115
600289
600797
002861
601519
301206
600794
603458
300056
603890
600149
300750
605005
300002
002466
688004
601086
300830
002490
300525
002469
603686
605098
002106
600018
301361
000652
600789
300352
600325
002868
300758
600573
300416
301218
300052
002722
603393
600560
688708
600237
600909
600827
301500
600158
301298
603585
002563
002397
600724
001222
688472
301270
002518
002353
600727
000852
300605
002263
688518
603602
603011
301098
002734
002836
600193
603860
000711
301617
603089
300965
002168
601162
300119
688778
603991
002780
000776
000058
002615
600246
002498
000032
688117
600633
300558
601366
002533
301210
300951
688176
300059
300141
688109
300861
301387
301111
600980
300400
002194
300102
605188
300789
688433
688182
002601
000990
300956
600259
688029
689009
300164
603221
002980
603598
688103
601788
688625
688052
000967
002277
300320
300683
002164
001366
600675
300208
688236
600714
600129
603988
601298
600350
601121
301356
301353
300993
603948
002978
300853
688308
300541
300677
003040
300289
688323
605108
301049
001339
001218
688566
000062
603200
603636
688115
688076
000715
000783
002200
000831
002110
603535
002423
603158
301120
603315
603127
603811
688087
300389
601601
002006
301302
600610
000720
605178
688568
002139
600052
300926
002105
000555
688081
301062
002798
603600
601696
301273
688026
002871
600191
601798
600062
600219
600064
603799
301388
300637
600984
002073
000792
300655
688285
600590
603516
300597
001217
601901
301161
301025
300576
301067
301305
000505
605086
002388
688519
300765
600846
603058
603500
600369
300120
300930
603587
000750
002673
600054
688271
603520
600993
600299
002479
600392
002452
002777
688328
002014
603990
300435
600505
605298
300166
688517
002099
603508
301108
603568
300512
301217
688066
000007
002911
002258
603677
603367
605286
688528
002845
001322
301122
300235
688596
600694
000985
002430
605208
002620
688251
688533
301208
002204
603703
002564
603583
600516
603172
002298
688265
002256
002581
300773
603183
601666
002697
601727
600507
688611
002293
002183
000528
301380
300757
002167
002517
688227
603999
003030
301363
301265
000823
002012
301193
002028
600966
003012
300864
000731
002282
300618
002111
300339
600918
301043
605080
600295
688428
603950
603578
301093
301299
603698
300143
301383
300938
603132
600056
300966
300333
300315
605058
601827
605122
301026
002768
601222
300369
600728
002939
002410
301207
605189
001206
600233
300601
300012
000812
300452
603737
000011
301107
688155
300457
000656
002931
603169
001226
600208
605081
002218
300016
002676
300020
002440
600365
600641
003011
002127
605090
688170
600405
002603
600876
600556
300031
688669
603226
300097
002144
002319
603377
301115
603150
600584
688175
688132
300057
002442
300493
603018
002336
000682
002586
688126
000059
301203
002209
301166
300803
300857
301559
603768
002198
001323
603559
603199
600444
000409
300729
300388
002961
603825
603307
603906
688719
002551
600894
300685
002597
688301
000922
002381
688395
601878
600880
002706
002327
002097
301391
002820
000969
002858
300405
002159
002889
603776
600416
301321
000561
300037
300214
002745
002406
603003
300546
300674
000886
605228
002061
603311
603901
002692
603101
300062
301220
002454
601918
002543
301189
002412
603879
603214
001229
301053
688646
688246
600740
003009
300469
300500
301267
300085
600895
601375
300323
688450
603237
601399
600829
600030
000586
002918
300449
688386
002309
300819
301468
600206
605196
600051
688191
002746
300453
301167
603429
603297
600682
000564
002674
603722
600499
600390
600355
300862
300866
601615
301309
603599
002658
002449
002921
605100
688398
002500
300987
001227
002197
688501
300101
000422
300816
688077
300897
000915
688125
300001
688690
000960
300437
001332
600598
000532
600155
603190
605488
001228
002859
600721
001358
000983
301221
603126
603348
002588
301020
002799
601011
688526
300737
300890
301259
300081
002530
300480
000957
301078
688039
601231
600376
301150
300653
600503
601010
688677
300359
603053
603227
603639
002116
600256
603558
000802
600775
301239
301185
300254
002905
603113
000031
300917
002316
300676
300088
600106
000526
603055
600012
301081
003032
300484
688148
605289
300513
002471
688588
603359
000989
000582
600406
002024
002036
600906
600180
300584
300424
000622
600703
002832
300865
600073
002425
300911
300928
600688
600513
301153
300550
000738
300278
688267
300808
000609
002637
000815
001379
688195
603209
603963
688552
603577
000417
000863
000923
002633
002793
688520
300600
688317
600774
600549
603123
002112
002145
300226
603595
600664
601555
002778
000605
002846
002387
600262
002599
002849
300712
002238
688539
605099
603239
300902
605218
688468
688156
601377
605008
000607
603822
002150
301508
603726
603180
300151
600083
001223
002818
600190
002343
001328
002728
002870
002826
002424
000419
300838
601003
301539
000151
301035
002925
600958
600711
002032
600123
300963
300465
603708
603186
000686
002767
688157
300121
301421
688562
002860
300548
000567
601369
601512
688012
603357
301033
002789
001378
002848
000501
300203
600635
300779
600271
603773
600867
301362
002576
601136
300130
688466
600136
603586
301598
002208
002048
301179
000040
300675
600497
301097
002659
600272
300047
002926
002644
300067
000948
300364
600538
600739
000627
300215
300486
000510
688577
000030
300561
002995
600917
300075
300253
688396
688605
000803
300004
603071
300768
300790
000421
300174
301505
600217
601456
601311
002488
600663
601882
600750
002998
688282
002801
603110
000156
002569
603969
301047
600395
600360
601999
300572
002823
300778
002251
002115
603291
600592
301126
601137
688147
002645
002760
600661
002394
000762
300977
600527
000785
300929
000813
688171
300933
002375
603758
601990
601116
002670
688192
603268
301320
600111
000060
605566
688657
603062
300981
002124
605068
002902
601933
000544
600579
301159
688469
688560
300134
603909
603023
603615
600239
688239
002593
600613
300451
600383
300138
603088
002723
002666
300517
300247
002377
603607
301178
300562
002736
002885
603010
300277
002951
002378
600103
000050
603188
301256
002521
002428
605319
300095
300165
002797
603697
002550
001268
600053
600137
300645
688426
300401
300882
603881
300825
601900
301130
002775
301212
603613
003038
600557
603920
301335
002987
603029
600403
000728
001208
002812
688496
600300
002660
002311
000917
300624
300079
001210
600061
600738
002700
688092
301533
688679
688382
600307
300907
002519
600381
002669
600396
002117
000620
000830
300365
600539
603766
301063
688180
600141
688229
002239
002063
000547
603061
688602
600301
600898
000679
688331
300559
301052
300679
300839
300073
600533
002125
002130
601208
601808
000615
002246
002436
002244
300919
002686
688513
601678
600079
002287
601952
002386
301234
688203
301489
600792
300886
603589
000670
688280
300568
301295
600885
301396
600410
000521
000529
000703
603919
603159
300448
603387
002304
000159
301439
600563
300221
603466
688314
300050
600095
600266
300688
300849
600704
688685
002460
300183
000821
001202
000415
300949
002840
300340
600211
301515
000504
002865
600202
300393
603896
601236
601155
688538
002690
600210
600735
600530
002651
000697
600830
301190
603308
