300129
002399
600070
000552
300509
688002
000759
688120
603823
001225
600378
688139
603629
605333
002289
002749
605580
688186
688696
301313
603826
000612
603153
603798
002864
300395
601168
601677
600857
688425
601156
300840
300615
605199
688212
601020
002847
002532
600778
002629
603194
603195
688096
002808
601138
000737
002927
600289
002307
300056
603890
301031
603686
605098
300630
688793
002946
300758
688708
002221
603585
002397
300607
002518
002836
000711
600246
600475
600362
605117
688750
301387
301111
000155
000878
600039
603161
688658
688029
689009
605598
002393
300326
600714
002978
000669
300853
300529
300807
002173
300308
002730
688566
603200
603636
000715
603535
603315
002917
688665
301155
002226
605178
688081
300788
603993
600191
000792
003003
301161
301067
002120
600970
600824
603500
301589
603520
601958
002171
002088
688099
300772
301122
002620
688251
688443
301208
688383
688575
603529
600507
002293
002432
603131
002389
600807
003012
600011
000541
301093
601028
600877
300708
603132
688563
300693
002545
301568
688169
688006
300472
002733
001206
600233
001226
002218
600459
002127
600405
603706
002076
688175
301209
001367
002586
688126
603207
002198
001323
603559
605305
601233
600026
603825
688687
002813
000426
688301
000630
002327
300881
002647
301123
603003
300131
688612
603365
002580
000027
301252
688646
000596
300323
603606
300218
002309
600569
600522
000592
300566
000564
600499
301187
688363
605378
300752
300471
688690
000960
003002
688652
603126
002799
601011
600618
300733
300890
002530
000975
688377
300540
301078
601010
688677
688593
688234
603218
688548
301039
000802
301239
600585
605289
000582
003015
002425
600513
300443
000417
000923
002633
002475
600774
600549
600409
002119
603979
301188
600083
600722
001328
600508
002584
601003
000151
002032
605123
603708
300748
600583
688184
000795
300699
688012
688798
000807
301529
688466
603882
301598
000040
600497
600272
600538
000619
002025
688379
603320
688772
002995
688776
603828
600905
688605
002142
000421
300477
002488
600750
603193
603355
300127
002251
603225
601212
002528
688198
000060
605566
600579
300647
603037
002552
300487
301037
603615
000937
600862
688449
002885
000995
000301
603213
688670
688728
002594
002716
688606
688426
300715
603356
600403
688366
002750
600288
600141
600301
600898
301156
000679
002213
601699
002269
002426
600885
002640
002463
603159
600563
688314
002335
688717
002192
301622
001202
600698
300949
002865
300502
600397
600530
300985
603308
