688362
300689
002892
600070
688455
300257
002817
002811
600624
688088
300695
000908
688766
002910
688768
605376
002989
300426
603683
301177
301005
002571
688275
603052
300814
301596
003005
002899
603859
603048
300117
002156
605589
301007
002897
300415
002031
301160
688380
002685
000430
688702
002747
002527
603089
688686
688017
688716
603305
301413
603667
601229
300326
301162
300024
001231
002173
002403
002040
002979
603158
300809
605178
002139
300433
603516
301628
000525
002177
000833
300200
000063
300354
603198
002681
002896
688099
301323
301419
301217
002850
300007
300044
301280
603656
300135
002779
000820
300680
603728
300580
603507
301327
688038
300953
600641
002526
301009
603226
600584
301199
688507
600128
600026
002354
603319
000681
002046
002820
601100
301286
300037
301001
300546
688612
002122
002965
301368
002126
603655
000534
601799
603278
002170
300852
688320
688077
688125
002792
001332
605488
000768
603348
688550
300458
301550
688183
300684
300503
688593
301192
688698
600012
002993
601689
002886
603915
603963
002472
300817
002553
300976
600889
002997
002611
002347
600226
300667
688160
000530
301033
002175
603118
300822
002915
688543
002025
688577
300459
002315
301182
688691
002801
605155
603339
300403
688200
603666
002050
688668
688018
688239
688787
600862
300421
002738
603416
002131
301191
600316
601127
688123
603697
600053
300488
603444
603809
301130
002178
603920
603009
688591
002270
600708
605056
002970
600446
002750
301261
002520
002001
301556
605555
605389
601208
300582
002244
300220
002283
301611
600410
603939
000521
300442
002986
688503
301036
600545
301622
000837
600202
600265
600686
301132
688255
600462
