002427
301322
002787
300891
300129
300689
002892
000563
300071
002399
605011
600070
002072
002444
000552
600223
600370
688489
002382
300509
300545
600469
688002
301172
603233
601968
601595
300952
603038
301238
688638
300947
002054
688247
603385
301262
300257
300030
688161
300520
300239
688389
002817
603344
301181
600008
301272
300570
688584
605151
600109
603727
301518
301223
600843
600969
300994
301332
002811
301307
002654
300394
300810
600744
300531
300887
688120
603102
688570
601858
301008
603823
001225
002065
002872
688327
301357
300896
600378
688139
300695
603897
301283
688326
002612
000638
002602
301236
300321
688063
002583
603629
300855
002492
605333
002910
600009
688768
000401
002367
002228
600540
688581
002538
002556
300314
002162
688339
000978
000901
002289
002749
605580
688186
301367
688696
688207
002338
688233
688226
301260
300328
300537
600776
002732
601065
002230
603826
603173
603004
301148
000850
000712
300268
600249
601669
688733
000020
000036
000608
002989
688027
000612
603336
600726
000566
300426
000025
688529
603612
688209
002828
601099
605303
603819
300631
002297
300528
002862
300288
603798
002459
002864
002573
600371
603683
301177
605066
002972
603116
000790
300565
688057
300170
603893
002210
301231
603707
002364
688230
600851
688032
000029
300591
688121
300395
300397
002837
300076
000019
601168
002033
300279
601677
600919
002571
002742
300769
003025
002623
600983
300285
603098
603208
688082
603949
601996
688585
301608
600644
600636
001255
600303
688425
688312
002312
601156
688484
002400
688275
603052
688633
603121
605077
600493
300478
603331
688277
002903
300814
603590
300533
300615
002537
003043
605499
300381
688355
600668
002413
600518
605199
300640
003005
300077
600960
300824
688212
603285
603108
301235
603115
300884
000407
300625
002303
688069
603317
601238
300152
603739
601020
002559
002268
301255
601368
300461
300988
002486
300228
600882
300823
603859
002532
000973
300019
002966
688580
688409
300149
300180
600769
000420
301297
603048
601718
300589
603326
001211
300551
600655
603040
300473
603608
301152
300905
002591
688305
002457
300644
002156
603194
603195
300454
688096
301110
301382
002372
301103
002808
002705
601138
002627
603818
600198
300614
603797
002453
600802
000559
002231
600691
603235
603810
603856
688137
603662
300049
300687
000737
002927
301197
300072
300434
300883
603616
002735
600448
601118
300043
603258
002568
300770
600289
301330
002307
603477
301007
301206
600794
600172
603458
603890
600149
603203
605005
300002
300094
301031
000789
300830
300564
000931
002008
603176
002469
301290
301090
603686
002373
603318
600640
300415
300927
601588
300346
688053
600436
000868
301381
301310
300474
688325
300630
688793
002687
300581
300978
002281
603041
603569
002946
301105
301361
002185
601218
301257
301213
300352
301160
002729
300159
300374
000066
002512
003042
300932
600637
300758
300416
301372
002833
301292
002181
601921
300033
300052
002722
688310
600560
688708
300264
688631
600909
000631
000430
600158
301298
002221
002049
603060
002397
601058
600724
688118
002536
300556
688472
688030
605255
300358
000859
300607
002518
301171
600727
603759
002263
002630
002404
301555
300385
002747
301098
002734
002836
603860
300123
300920
002975
002527
301617
603089
603883
688788
300844
603800
601162
688778
600167
600734
002615
688505
600475
300223
600212
002196
600362
603665
688017
605183
688709
688117
603633
605117
688671
301210
688176
002510
300008
688485
301626
688750
002920
603679
002291
300861
301387
301111
300250
000155
000554
603305
002958
688020
002194
000878
600039
300507
688350
001238
000599
002225
603067
688726
600990
603161
000935
688658
601211
601916
600559
301413
000977
600986
300157
688029
603667
002456
600638
689009
603221
000822
002980
603276
603136
605598
601177
601788
301092
603008
300320
002164
601229
000557
000565
002393
600844
001266
002146
300326
002348
300208
603699
603718
300464
688001
301087
600131
300335
600714
000507
001326
300460
002968
301162
002467
688609
601992
300190
301353
300904
301229
600293
688627
300150
603948
002978
688689
000669
300532
688308
301072
300529
002069
300807
001231
603139
600593
300815
300677
600498
300058
002173
300308
002730
300842
600749
300219
002548
603628
688566
002040
300378
000062
603200
603636
002272
002165
002683
002979
300342
601606
001287
603270
000783
002200
605001
301558
603535
301215
002423
603315
002917
000726
300809
600725
605259
688665
002598
688087
001201
001234
601601
002006
600610
000720
301155
002226
603725
605178
688206
002786
603787
301200
301390
603196
600601
688135
688568
002139
002470
600052
688095
300193
301065
300922
603989
000555
002652
002085
601022
300788
300763
603600
605300
601696
600791
301273
603993
002279
300635
002703
301060
301013
300201
603685
603282
002957
603538
300637
600984
002073
603075
300975
300666
000792
300713
601166
003003
300655
605138
688285
300272
301578
601096
600590
300578
300634
300118
300155
603967
601901
301161
603185
301025
300576
000026
603611
301067
603648
600753
301279
002120
301268
603022
603109
000505
600970
002083
600187
301131
000551
601965
002388
600824
603058
002829
600959
688297
688478
600346
603500
688648
300053
301393
002462
600369
300120
603275
300366
603205
301589
300623
000514
603926
300731
600382
300198
603587
002628
000750
002673
600054
603839
000021
688179
600673
000797
002285
300292
603000
300696
300791
603506
603520
601997
603236
601958
300200
002479
002777
300318
600048
002977
603687
603198
002171
603579
688435
300435
605298
001872
300166
600841
688517
002950
002896
603508
002088
603135
301108
300512
688099
002017
603381
301419
300651
000007
600523
600685
300780
002694
600962
300682
688528
300772
603155
002845
002154
301456
688600
301122
300044
301280
603656
300242
002999
300304
000985
600926
603030
600215
301526
002430
688251
300069
688533
688443
002438
300135
601865
300466
301096
301408
600815
000524
002255
603703
603583
688383
603079
603151
000820
688575
603015
688456
002696
001289
300773
601939
603529
600705
002544
603738
000668
600507
688611
002293
002922
002949
000661
301592
002432
300611
001896
300880
300479
002672
000993
603999
603131
002389
000887
600807
688737
301265
600391
603960
600660
600892
603095
600011
300864
000731
601008
300339
300535
003018
301043
603669
300476
002095
002232
000541
603578
300387
301170
600650
688338
603728
000636
300206
688291
301359
603488
300889
300173
600159
300143
601028
600877
600758
300938
603267
001380
300708
002882
603132
002941
301139
601288
688563
603982
300693
301319
002545
002334
300315
301057
000519
300083
003026
000736
301355
300662
605122
002318
600536
688272
603086
002791
301568
301395
688561
000965
300112
002135
301512
688169
002768
300836
300721
688006
300472
300369
688536
300187
600728
688629
002357
300918
000010
600929
603160
002733
600509
002679
002939
605500
002151
000816
605189
001206
600233
002622
603507
000011
002906
000856
600604
688155
002931
301291
001226
300243
600208
605081
300658
002758
688359
301327
002661
688038
688083
002218
600163
300016
300953
002676
000545
600459
000809
001288
600641
003011
601319
000779
600405
600876
600556
688172
688508
002526
601698
300031
300899
603226
603983
002144
603706
000717
301115
000517
002898
688128
603150
002076
605358
300722
688210
002795
603137
300516
002698
600268
301209
600854
301613
603018
001367
601778
688557
002586
688126
002224
002955
001336
300345
601077
603212
002209
603211
688288
301266
301166
300299
002278
301559
600916
603207
603768
688695
001323
603559
301046
300971
003033
601108
300856
002480
002971
002606
300967
605305
603199
000727
600732
601233
002547
600444
301519
688659
301168
600026
300729
300388
603232
301587
002961
300506
603825
688687
301023
300604
600257
300505
688719
002551
002431
603002
002813
600796
002597
000426
605177
688197
002391
603660
001331
301566
300834
001270
301079
000626
601616
688395
000630
600880
000681
603701
002097
688571
301391
002152
002858
300124
603163
002222
002985
300881
300511
300720
601100
601818
001333
300527
300639
300405
002159
002889
603776
301286
300066
300274
000698
002290
002647
301133
301123
603082
001278
301321
300037
002664
300214
000069
300450
002406
002990
300131
300546
300674
300311
300271
301314
600690
300379
688612
603311
603901
002692
002454
001309
603365
002580
300467
688112
600169
300184
002579
688023
600939
002543
000027
688531
300006
002331
300827
002965
688592
301252
300291
600076
300373
301053
688646
000338
300500
002104
600526
603918
300085
600928
300717
300420
600895
000596
601375
300323
000676
600676
600015
601700
600060
301488
603606
600310
600030
603111
600768
000572
301158
002918
300449
300475
300218
002309
688499
300819
600408
301468
688158
600569
300719
300590
600206
300287
300191
600051
600581
300065
001216
002746
300453
301167
603429
301004
600571
601825
603197
300759
603278
600522
600682
002677
600718
688116
600438
000592
000659
300021
001316
300566
000791
601339
000920
002674
600499
688219
000536
600773
301187
300866
301309
300494
601658
002658
688363
688015
002783
688626
605378
688252
300915
600719
688398
002500
300987
603256
001298
300398
603398
300852
301311
688501
000862
300752
688661
688077
600279
300897
301017
300471
688390
600495
688125
603081
000677
002229
300001
688690
002792
000333
002810
300302
000960
300437
002342
001332
003002
000532
600155
603190
000663
600510
603130
688084
301507
002859
688652
603515
000768
603680
603716
001358
300743
603348
002524
603528
002799
601011
301112
300258
301201
600618
300733
300890
002530
000635
300238
000975
601188
300441
600130
301040
002936
688377
600031
000957
600737
002079
605186
688345
300540
301078
688710
688039
600376
600278
000008
300989
600503
000838
300684
000632
601010
688677
300359
300875
300261
688593
002657
600425
688234
603053
002662
603218
003007
688548
688348
603639
600731
002577
301039
000802
603486
301192
301018
301185
688061
301083
603113
300656
300942
600779
600283
000031
300957
000404
300678
002346
300917
688698
603322
300724
601113
002271
605338
300885
688607
603306
002402
300051
600585
001279
688582
301618
601789
301125
688217
300530
601398
002383
002286
002121
603179
002023
688381
300484
002037
688148
688569
603676
002471
002641
600561
603966
002242
301163
688102
603166
003015
001389
002761
600567
301038
603177
001387
600180
002016
601869
002409
000096
603888
000735
002549
301392
300462
300928
600513
002235
688059
300278
600818
605118
688261
000722
601689
002396
688335
688662
002637
688075
002886
688150
688238
601949
300443
301246
603908
300681
300227
301633
603915
688033
603963
000558
688552
301196
002360
002129
002671
300554
000166
002472
002639
002323
600628
688616
000863
000923
002633
301429
002475
300017
002856
300418
002523
688202
301369
000002
600549
000875
300860
300360
000755
688113
605162
603017
600356
600826
301487
002649
301048
300226
301571
600605
000633
601360
603259
601555
600409
000605
000905
300126
601886
002119
002849
002238
002616
300749
301055
688337
301418
600506
603788
688539
000767
600231
300753
600679
300334
002908
000001
300894
603117
688071
002718
601198
603530
300306
688468
601518
002138
301232
601377
605008
300571
002825
603378
000607
000037
300169
002150
301508
603726
300654
603916
300217
002611
603979
301188
300404
600082
600166
600083
688249
600722
002191
002448
002103
600343
002343
600035
001328
600508
603122
002870
002584
600678
688199
003017
300838
601003
600626
002443
000065
301539
603928
002963
688682
300032
600958
002347
002032
603078
688357
000900
603817
600189
000516
000617
605123
688067
603900
301102
002137
600226
000818
300948
300602
600218
300903
002753
300429
300445
688448
601838
300121
600798
002682
688256
300748
603033
300756
600583
688184
603129
300873
000055
688216
600681
002860
000795
000400
300699
300961
601512
600620
688012
603357
688798
688393
603168
301033
003022
000807
600819
001378
603917
600336
300203
688360
301318
301529
301362
688047
002501
600429
603099
301225
300300
002420
000601
603877
603182
603112
002158
603912
002663
601599
300130
300979
688466
600467
603882
600136
603586
301598
002208
000700
688663
002933
300804
000040
605277
001212
603321
000690
000972
603956
600497
601199
002026
603280
300029
000068
301097
300114
600228
301278
002659
000782
600168
300047
600831
301109
603277
300869
688576
002926
603803
600460
603843
603051
600756
000948
600790
300364
002915
300074
001359
688268
605577
603806
300222
300854
688543
000619
300168
300665
002025
001213
688379
002084
603320
688772
601728
300486
688101
000510
603125
300107
688776
002796
603828
300549
600084
600476
600905
300459
002678
301042
688498
300253
600308
688605
001205
000911
000803
002142
002058
000955
000421
688098
300786
301288
002790
300146
300174
603255
300539
301505
300283
300477
001215
600217
002488
300706
605028
300331
301306
002801
000949
603898
300847
002948
603110
000156
300995
603193
003028
603366
300959
300249
601999
300368
603355
000798
300522
605155
300419
688215
300127
688488
301281
603339
300427
603080
300818
002115
000691
001282
605287
300055
002624
600592
000503
301126
603225
301032
688078
001368
688201
601133
300908
002086
600251
002760
000897
600658
601828
002394
300583
300977
600480
600527
300929
601212
688676
000813
002893
300084
600232
300411
002528
301176
300893
301397
603028
300986
002375
601990
000695
002161
002163
603268
301320
000639
688198
300327
000060
000042
603025
603789
603062
300981
002314
600684
600935
000548
002491
002554
600787
688270
002050
000544
300647
002803
600651
002508
688319
603037
002495
300134
002552
300487
600455
688558
301037
300900
603909
688668
002136
688459
301003
300707
600239
002945
688239
002593
300451
600383
002969
603786
002030
600837
000937
688787
600808
600862
688449
603088
688273
300871
001330
300867
002333
300692
002723
002666
603903
300774
603416
000718
300489
300517
300247
688530
688358
002035
002766
000509
003039
002736
002885
000039
002248
603396
300277
301370
000995
002725
000301
301509
600335
603213
688670
301525
688283
002131
603238
603188
301256
002521
688728
300508
605319
002594
002716
300165
002188
688606
002797
300128
000710
603697
600053
600137
603790
688365
300284
603881
300310
002481
300195
002529
300766
002468
002184
601868
603929
300825
603809
002535
301130
603895
300093
002178
600221
301050
603920
300715
603399
603356
603009
603206
301151
001979
603596
600403
000728
002082
001208
002877
300324
600883
002812
300163
600081
300111
603165
300983
688279
002157
603968
000917
002133
300079
001210
600135
300408
000692
000628
002515
600936
000506
600708
688092
605056
002970
600550
002973
688789
600446
603767
300013
301371
002819
300907
002519
300642
688366
300958
600396
601187
002589
002750
603836
300365
300011
605055
600288
600141
301261
603020
002824
688387
002063
000547
002520
300436
600178
001376
603312
000593
002771
600301
600898
301577
301156
300925
301556
002774
002608
688010
300559
002213
300679
300839
605555
300010
000958
688630
001360
600533
002984
301338
001207
002130
605169
300383
002484
300322
603076
002246
002436
601988
603927
688165
000801
002982
301082
300919
688779
601002
603187
000006
301345
600570
601390
688203
603073
002153
300091
300886
688119
001300
603589
301300
600422
300220
300132
603511
600520
601860
301149
601699
603889
001299
002265
002269
603329
600805
300145
603303
603933
603350
603955
300293
002426
600885
301376
000570
600410
002809
000521
000529
300870
301128
002981
300670
603217
002640
300542
603778
603191
002463
002695
300448
002302
301439
688503
300787
300587
600563
601318
688314
603266
601068
300050
002339
301448
301522
002335
000892
300661
600101
300355
300350
301036
688717
002192
688685
002474
600545
688502
000821
002567
301622
001202
002465
300063
300172
603681
600400
300212
600698
000415
002840
300340
000837
002689
301226
301515
000504
688511
600597
600817
600202
600176
300502
600770
300393
603272
002374
000800
600265
600686
605006
688601
300413
688237
300781
300468
301520
603700
601155
301068
002690
603128
605020
600397
603650
603730
002953
300598
600735
600243
605369
300806
600530
301136
300985
002057
301293
000697
600830
002765
603308
601009
