000571
300509
600318
603823
688139
002602
605333
300092
688339
688696
688226
688141
002862
603798
603893
002837
601168
601156
000981
300228
300265
300697
300434
300115
600183
300868
300750
301031
000868
300630
300313
002397
601058
002536
301171
603800
601366
603815
001238
603161
000977
600259
688029
603699
688486
002358
301120
688665
002932
600601
603989
603075
300906
601998
600222
301027
002845
300039
002255
603703
603083
603583
603015
600807
300476
603950
601028
000010
002942
002737
301291
002603
688220
603983
002483
002480
601963
301168
603005
688300
002597
300881
600690
001309
603045
300827
688168
301183
600060
603606
300628
300218
301004
600499
688252
003002
688652
300733
688372
300989
603639
002577
002346
603306
603179
001389
300584
000622
603757
000100
300808
300360
600605
301386
300753
688981
300158
688041
600418
603979
301188
600722
002584
300838
600218
603033
000795
605277
603277
002644
688379
603193
300368
603355
002938
001283
603062
300647
301037
603100
600613
000937
688449
000301
603213
301525
002021
301045
300694
688606
001268
688365
603895
002245
300491
688279
000506
600367
300835
603061
002371
300436
688010
002349
002822
001207
300383
002484
688165
301082
603511
002426
600885
301396
301128
000597
600563
002335
688717
688502
600255
002865
300969
002249
300985
000697
002765
