002201
301022
600491
000563
688114
688455
688021
688287
300545
300595
601595
300952
600887
002054
688247
603385
600133
603301
300501
688161
600318
301113
300239
000410
300337
301272
002066
300650
600109
002558
301518
603119
300994
300409
000759
603102
301008
002605
001225
002065
002872
002363
688139
301283
002214
600693
002583
300275
300314
002289
301367
300746
301077
600776
301313
603826
603816
003004
601801
600249
002642
000036
002989
000612
603153
300070
002596
688529
002763
603612
600814
688510
601099
605303
688266
002368
601880
002864
002972
688057
300113
301231
002992
300279
002571
300285
603208
688082
688585
001255
600857
688586
002887
002174
301287
300840
605499
603937
002274
002340
688212
000407
301315
002559
002268
002847
002899
600377
301329
603358
300627
605060
600769
000420
600778
603048
300910
000014
600482
002629
301152
300265
600439
000860
600715
002457
603194
603678
002808
300697
600691
688137
000737
002927
688302
300072
300115
600289
600797
002861
601519
603458
300056
603890
300750
300002
002466
300830
002490
300525
002469
603686
605098
300630
002106
600018
301361
600789
300352
600325
002868
300758
600573
300416
301218
300052
002722
603393
600560
688708
600237
600909
301298
603585
002563
002397
001222
688472
301270
002353
600727
300605
002263
688518
603011
301098
002734
002836
603860
000711
603089
300965
601162
300119
688778
603991
000776
000058
002615
600246
002498
000032
688117
600633
300558
002533
301210
300951
300059
300141
688109
300861
301387
301111
600980
300400
002194
300102
300789
688433
002601
000990
600259
689009
002980
603598
605598
688103
601788
688625
688052
000967
300320
300683
001366
688236
600714
600129
603988
601298
600350
301356
301353
300993
002978
300853
688308
300541
300677
003040
300289
688323
002730
605108
301049
001339
001218
688566
000062
603200
603636
688115
000715
000783
000831
002110
603535
002423
301120
603315
603127
300389
601601
002006
301302
600610
000720
605178
688568
002139
600052
300926
000555
688081
301062
603600
601696
301273
688026
002871
600191
601798
600062
600219
600064
603799
301388
300637
002073
000792
003003
300655
688285
603516
300597
001217
601901
301161
301025
300576
301067
301305
605086
002388
688519
603058
600369
300120
300930
000750
002673
688271
603520
600993
600299
002479
600392
002452
002777
688328
603990
300435
605298
300166
688517
603508
603568
300512
301217
688066
000007
603677
603367
605286
688528
002845
001322
301122
300235
600694
000985
002430
605208
002620
688251
301208
002204
603703
002564
600516
603172
002298
002581
300773
603529
603183
601666
601727
600507
002293
002183
000528
301380
300757
002167
002517
688227
301363
000823
002012
301193
002028
600966
003012
300864
000731
002282
300618
002111
300339
600918
301043
605080
600295
688428
603578
301093
301299
300143
301383
601028
300938
603132
600056
300966
300333
300315
605058
605122
301026
601222
300369
600728
002939
002410
301207
605189
001206
300601
300012
000812
300452
301107
688155
300457
000656
002931
603169
600208
300016
300020
002440
600365
600641
003011
002127
688170
600405
002603
300031
688669
603226
002144
002319
301115
603150
600584
688175
300057
002442
301209
300493
603018
002336
000682
002586
688126
301203
002209
301166
300803
300857
301559
603207
603768
002198
001323
603559
600444
000409
300729
002961
603825
002551
600894
300685
688301
000922
002381
688395
601878
600880
002706
002327
002097
301391
000969
002858
002889
603776
600416
301321
000561
300037
300214
002745
002406
603003
300131
300546
300674
000886
605228
688612
603311
603901
002692
300062
301220
002454
601918
603365
002543
301189
002412
603879
001229
301053
688646
688246
600740
003009
300469
300500
300085
600895
000596
601375
300323
688450
603237
601399
600030
002918
300449
002309
300819
301468
600206
605196
600051
300453
301167
603429
603297
000592
000564
002674
603722
600499
600390
300862
301187
300866
601615
301309
603599
002658
002449
002921
605100
605378
688398
002500
300987
001227
002197
688501
300101
300816
688077
300897
000915
300001
000960
300437
001332
000532
600155
603190
605488
002859
001358
000983
301221
603126
603348
301020
002799
601011
300890
301259
300081
002530
000975
300480
000957
301078
688039
601231
301150
300653
601010
688677
300359
603053
603227
603639
002116
600256
603558
000802
301239
301185
300254
603113
000031
002316
300676
300088
603055
600012
301081
003032
300484
688148
605289
300513
688588
603359
000989
000582
600406
002024
002036
600906
300584
300424
000622
600703
002832
300865
002425
300911
300928
600688
600513
301153
300550
000738
688267
300808
000609
002637
688195
688552
603577
000417
000923
002633
688520
300600
688317
600774
600549
603123
002112
002145
300226
603595
600664
601555
002778
000605
002846
002387
600262
002599
002849
300712
002238
688539
605099
605218
688468
688156
601377
000607
603822
301508
603726
300151
600083
001223
002818
600190
002343
001328
002728
002870
002826
002424
301539
000151
002925
600958
600711
002032
600123
300963
300465
603708
603186
000686
002767
300121
301421
688562
002860
000567
601369
601512
688012
603357
301033
300203
600635
300779
600271
301362
002576
601136
300130
688466
603586
002208
000040
300675
600497
301097
002659
600272
300047
002926
002644
300067
000948
300364
600538
000619
600739
000627
300215
300486
000510
000030
300561
002995
600917
300075
300253
688396
688605
300004
603071
300768
300790
000421
300174
301505
600217
601456
601311
002488
600663
601882
600750
002998
688282
603110
000156
002569
301047
600395
600360
002823
300778
002251
603291
600592
301126
601137
688147
002645
002760
600661
002394
000762
300977
600527
300929
300933
002528
603758
601990
002670
688192
603268
301320
600111
000060
605566
603062
300981
002124
605068
002902
600579
301159
688469
688560
300134
603909
603615
600239
300451
603088
002723
300517
300247
002377
301178
002736
002885
603010
300277
002951
002378
600103
000995
000050
301256
002521
002428
605319
300095
300165
002797
603697
002550
001268
600053
300645
688426
300401
300882
300825
601900
301130
301212
603613
003038
603920
301335
002987
603356
603029
000728
001208
002812
002660
002311
000917
300624
300079
001210
600061
002700
688092
301533
688679
688382
600307
300907
002519
600381
002669
600396
002117
002750
000830
300365
600539
603766
301063
688180
600141
688229
002239
002063
000547
688602
600301
600898
000679
688331
300559
301052
300839
300073
002125
601208
601808
002244
300919
002686
600079
301234
301489
300886
603589
000670
688280
002269
300568
301295
600885
301396
600410
000521
000529
000703
603159
300448
603387
301439
600563
300221
603466
688314
300050
600095
600266
300688
688717
600704
688685
002460
300183
000821
001202
300949
300340
600211
301515
000504
002865
600202
601236
688538
002690
600530
002651
000697
600830
301190
603308
