688455
300952
002817
605151
002363
002910
301511
605376
301005
688275
301596
000702
300640
600665
002899
603859
605589
002897
301186
002008
301160
000430
002747
002527
603089
301029
688686
688017
603305
001306
600835
688627
300024
301072
002042
002979
603158
300809
605178
002139
300433
002703
300879
301628
688179
600299
300200
000063
300354
000403
002681
001872
002896
301016
301217
002850
001322
301280
603231
300135
300680
002232
600650
688235
603728
603086
002768
688629
688038
300953
600641
603838
603226
600584
002698
688507
600128
603319
002391
000681
002046
300124
002222
601100
300639
301286
001278
002664
002965
301368
002126
605128
605196
603278
002170
301603
688077
000768
688550
300503
688593
301192
688286
603166
002993
601689
688075
002886
002497
300681
603915
002472
300817
600967
600889
002997
002441
002448
002195
603325
300667
000530
300225
300822
002915
002025
300459
301182
688691
000949
003028
002823
301398
600592
300403
688200
600480
002050
600862
300421
002738
002666
603188
301191
600316
601127
600053
300488
300401
603444
601900
600114
301261
002520
688630
605389
601208
300582
002244
300220
002283
301611
603939
002986
301622
000837
301132
601236
688255
600462
