603389
002399
002444
301276
002059
603986
003036
603223
000713
301165
601500
603216
300260
000733
688326
002602
300811
688162
002928
002056
688205
688226
603004
002919
601163
603153
688278
002596
300426
605303
601628
600851
300395
300076
601677
600919
300285
002743
002312
688484
601872
688019
688721
000625
600893
300814
300615
300863
301235
300207
301237
601633
600377
000550
688580
301297
600021
603608
600066
002156
300338
002875
603195
002372
002667
000568
300316
000559
605589
601899
600289
300525
002008
002469
600436
002281
002888
301361
003042
002833
300033
688708
300015
002221
601058
600724
605255
002614
002650
300347
600028
000711
000581
688778
002780
300223
300386
301336
300558
688750
300141
002262
300231
688692
600039
301202
002601
000935
601211
600234
301219
000977
600259
601919
600577
605598
603699
002653
600131
603988
301162
601298
605116
688627
300150
300529
600593
600498
603026
002173
001339
300999
603556
000715
301558
000831
603315
001234
601601
300040
688190
600601
300926
000811
603156
000725
000408
600062
301388
600428
000792
605167
601166
300655
300795
601216
301268
688800
301379
002227
688506
603520
603557
000063
000793
600276
002014
001872
301108
603063
688105
603228
002407
600313
688596
600926
300671
002540
605366
002600
300087
002851
002432
300142
002415
002003
000823
600660
600755
600295
603950
688235
301299
301446
600589
300708
600098
601019
688563
605180
002514
600546
605111
688169
601222
688536
600728
603977
002942
603160
605500
000816
603507
002223
002758
000809
603019
603838
301009
603392
000938
002144
603706
605358
600584
301269
600582
601179
301091
688300
601126
300506
603307
002913
600848
600894
002597
301566
603729
600880
000681
002152
002222
300405
002159
600416
300274
605507
300037
688037
300450
000886
603682
001309
601918
300805
002821
603214
603565
600487
603709
301366
603290
002126
688122
300420
603655
603606
600829
600030
000543
300628
601799
002595
002309
600999
300470
600571
600438
603722
600499
603599
600038
300852
688222
000422
000333
600185
002217
600312
001332
000532
000610
002859
688652
603348
601688
600031
601231
688183
301348
603103
600256
002905
603992
300711
600645
600956
600012
605289
603959
603069
001389
300428
002016
601869
002409
000735
300122
300550
301086
000913
603279
688267
688150
688072
000056
301633
002890
300851
000166
002639
600628
603638
688535
600826
301487
600330
601881
002649
688062
601360
601555
301386
300712
600679
600889
300236
603530
688981
002138
300571
002825
688516
301070
600418
300577
002643
002963
002032
603717
600809
600745
300903
603129
000400
600036
688012
000963
601766
600452
300054
603099
600177
603912
601599
688385
002048
600456
603863
688321
688777
301228
300114
600228
002762
603803
600460
601877
002096
605577
603806
601811
688772
301042
688009
000803
002142
300481
688691
600089
000753
600941
601882
300672
600793
601999
600588
603097
300609
003010
600803
601111
605288
301337
301176
601990
002161
002163
600111
300035
603220
300041
601933
002027
000651
688469
300487
600455
300941
603100
603379
688018
603615
002712
002945
688239
300298
603786
600629
600837
600808
600862
688449
002202
002377
601066
002736
600900
603213
603238
002428
688728
600316
002594
600137
688615
603444
002178
603399
605266
603596
300491
300382
000623
688591
600019
603501
300624
600061
300826
002074
300833
603766
688180
600141
002371
603312
002001
000679
300617
601966
000538
688630
002822
002984
002484
603927
603288
300348
600570
001300
301118
600368
300568
002149
300542
002986
002304
002301
002339
002068
000892
300661
002916
688685
600160
301622
600821
300209
600982
301132
600519
300468
600517
603128
603650
002953
000680
600785
