603986
601858
301008
301165
301283
300811
601038
300537
301177
600851
688580
301297
001211
600482
603167
002281
003042
001222
301270
603300
002895
002650
002780
300005
603679
688625
002014
003030
301299
300423
002942
605500
301459
000796
301091
688197
301566
301391
300805
001229
600487
603081
600185
300081
301348
603558
002905
300584
600853
002077
600760
300712
688156
300577
603122
600599
688543
300331
600360
300901
002163
300298
688606
603399
301308
688311
002824
603312
688525
300542
002463
002301
002916
000902
