300610
688408
300129
688362
301022
300689
002892
688153
000563
300071
002399
002444
688262
688455
688489
603327
002038
600869
300545
600469
688002
301172
603233
301258
002241
688247
688108
300229
300831
600133
301262
603986
301129
600988
002863
300501
300412
688173
300520
002817
003036
603344
301181
605588
300337
301272
300570
688584
002066
301089
300650
300482
605151
002558
600879
600843
603119
002190
002782
301076
002831
301332
300409
688707
603039
300394
300531
300887
688120
688088
301008
603823
001225
002065
002363
301165
688327
301357
688107
688139
300260
603897
603373
000733
002866
300153
688260
002414
688326
603013
301567
301236
688766
300811
300782
002928
603629
688768
603138
300045
300596
688581
603309
002538
300275
300092
300638
002056
301080
000901
000650
688152
300154
688186
688205
688551
300746
688207
688378
301511
002338
688233
300241
300328
300537
301313
002230
603601
600996
000712
688141
300268
002919
603289
688733
002642
000020
000608
002989
002429
300552
688529
688209
002362
603819
300631
600192
301059
600435
688266
002368
000520
300417
600165
603683
301177
605066
601628
300170
300353
603893
301231
002992
605268
000739
600511
603070
688230
300591
688181
300395
300397
002837
300194
601677
600919
300285
688585
688521
301608
600636
001255
600303
002155
688312
688484
600230
688586
688019
301287
300295
688721
603052
688633
000625
603121
300478
600893
603331
300800
688277
600501
688146
300814
003043
002724
603937
001258
300181
002413
600518
688392
300136
301596
300663
300077
600960
300824
603285
603108
300884
300207
603626
300625
300455
603739
601020
301328
301315
603296
002559
002268
300461
300988
002486
300228
002847
603859
300019
601633
301329
301137
000550
300945
002098
688409
300149
301297
001211
300125
002421
300551
000576
300473
300265
600439
300909
600479
688305
600267
603637
688399
002156
603195
300454
301110
301382
002372
002808
002705
603341
002667
000568
300523
300316
603797
000559
300697
002296
002231
605589
603235
688137
300687
002927
002043
301197
300251
002735
600448
000028
300115
603258
601899
300770
600289
301330
688008
688718
601519
600172
000777
300056
603890
300868
603203
300002
002466
301031
300830
300564
300525
002008
600765
301290
301195
002373
603318
600640
300346
600436
300474
300256
688325
300630
002106
688793
002785
300363
601609
300978
603041
301552
000009
300446
301105
002185
301213
600789
002841
300352
301160
002729
688380
300374
000066
603871
300758
600573
300416
000004
002833
301292
001203
301218
300033
603393
688708
601089
300015
600909
301500
301326
301298
002221
002049
601058
688118
600746
001222
300556
688472
688030
300162
301270
300358
688231
002518
301171
600727
300605
603759
603602
301006
688702
002747
603011
688051
002734
600580
300347
000711
300123
001308
301617
601908
603089
300844
688130
603800
000581
601162
301029
688778
300390
000058
688505
300223
002196
300005
300386
688307
688017
002827
000032
301528
688590
688117
301336
301317
603633
600552
301210
300652
603007
300951
688176
300059
300008
688750
300141
688109
002262
301387
301111
300250
600980
000045
300400
688692
600757
002757
688020
002194
600039
300102
301202
300507
300789
688050
001238
688298
002322
002601
003008
301106
600990
000935
601211
300956
600903
300751
301413
301219
300139
000977
600986
600259
301285
002456
688391
600577
603533
688375
002980
002317
605598
601177
688103
301092
688248
300320
000557
000016
688007
000565
002393
301011
002348
603699
603718
002653
688001
600131
300335
600714
600129
600433
001326
300460
301162
002467
688486
688609
002358
601121
300771
600619
300190
301353
605116
688627
300990
300993
300024
603948
300384
301066
688689
301303
300853
300532
002516
300643
300529
300807
300815
002042
300541
600498
300801
600080
603026
300058
300308
600963
688323
002730
300080
001339
300999
688566
002943
300378
000062
603200
603636
002165
603556
688115
002855
300182
600421
001319
300342
002806
601606
603270
300691
300641
000783
688655
002200
000831
603535
300936
301215
603158
301120
002093
300588
002917
300809
002273
603127
603811
605259
300456
688665
002598
300389
688295
601601
300606
301302
600654
688621
300040
603106
603310
688206
002786
603787
301200
688190
603196
600601
688135
688568
688095
300926
603989
600366
301000
002085
605133
301051
003019
688681
601696
600925
603219
688595
603156
000725
000408
002703
301013
600062
301071
603685
002957
002901
300637
300632
603075
300975
300666
000792
300906
002052
300713
601166
300655
688416
002815
300272
600590
300797
300578
603087
688211
300634
300155
300597
301030
601901
688720
300317
688400
301161
300668
300576
603611
688432
301067
603648
301305
600973
301279
301268
600148
300319
000829
300307
688352
688653
600187
000551
688800
002388
603056
688519
300950
002829
688138
688297
688478
300792
300053
301393
300406
300120
301277
300366
300623
300192
301588
300731
301379
600382
002227
000833
000021
601033
300292
603000
300696
002976
300259
603520
002047
603236
300200
300594
000063
300354
002452
002777
300318
600048
603687
301121
000403
301399
002876
688328
600276
300435
600505
605298
600621
001872
300166
600841
688517
002950
603016
301282
603508
603328
600171
300560
002017
301016
003023
301419
301217
688066
603063
002911
301251
600523
000657
002850
300007
605286
301157
605365
688512
300682
688105
688528
603155
002845
603228
688600
002305
002407
300235
301280
300242
301498
600600
300303
300304
603496
300671
605208
688251
300069
688533
300504
688443
300135
300466
002779
301096
301301
002600
301208
002255
603703
002564
603083
603583
688383
002298
688028
688575
688456
002581
688353
300773
603529
688628
002544
002851
600884
603738
601727
002922
301339
301380
002432
300611
300142
301631
300960
300880
002167
300479
688334
002415
301333
002517
002389
301363
688737
002003
600391
000823
688003
603421
603960
603551
000017
600660
603801
600755
300339
003027
002236
003018
301043
605080
688619
002983
300248
300301
000541
300171
603728
000636
600373
300206
301359
301299
603698
300889
301383
600877
300938
603267
300747
600589
300708
002882
300575
601019
688563
300693
600056
603517
002636
301319
300315
301057
605058
601021
300996
003026
688559
300133
600536
688272
301502
300608
603391
605111
301568
688561
688258
300112
301296
301512
300836
605003
601222
300369
688536
300187
600728
300918
600615
603160
002216
300796
002410
301207
605500
002151
002737
600800
001206
003041
000812
688091
603737
603721
603507
301107
000856
688155
603527
002223
300332
300176
001226
300243
600208
605081
600608
688343
301606
688359
688038
688083
300700
300953
002676
603998
002440
600365
603019
600641
688170
301459
002603
300286
688508
603105
688220
300899
688259
603392
300097
000938
001277
002144
603706
301115
688128
603150
605358
600584
300722
688210
002328
688132
600622
300516
301269
300992
301209
688507
688269
601778
688557
601179
688351
300345
300161
603212
002209
603211
688288
301266
301166
002635
000906
300803
300857
600085
301559
603207
000889
301536
688695
300736
003033
001311
002480
600965
605305
600732
600375
600444
301519
002557
000409
300784
603005
688300
600587
601126
688290
688515
603232
300506
301023
300776
300604
603906
300505
688719
688129
002912
002913
002422
603319
600839
002551
605398
603002
688608
600332
600894
002813
002597
000786
605177
301566
001270
301079
603059
601616
603729
000681
002046
002327
300099
300096
002097
688571
002152
000969
603163
002222
002985
300881
001338
300527
300518
300935
002889
603776
301286
600416
300066
300274
002290
301133
301123
000034
605507
600763
301321
000561
300037
002664
688037
300450
300179
002745
002406
002990
300131
300546
300674
000886
300311
300271
603869
300515
605228
300379
600850
002122
301169
002692
300062
002454
300341
603365
002580
301180
300184
002579
688023
002543
301189
301061
300266
300725
002821
600730
603045
002189
300343
688592
301252
603565
688168
300373
001229
301053
688159
000338
603380
002104
301267
001373
603918
301041
603290
002126
600016
688122
301183
600895
300323
000676
688450
300946
301488
603201
603606
600030
300628
601799
002595
600742
002609
688386
300690
300475
002309
600408
300590
600206
600461
002015
002952
300287
002395
300191
300065
688191
300453
603189
301607
600999
300470
300759
603278
688549
600438
002405
001316
300566
600292
300735
603722
600499
688219
000536
300862
002186
301187
300866
301309
300494
600038
688509
688015
002449
002080
605100
605378
688252
301603
002500
301389
300987
603256
600822
688055
001298
300398
301311
000953
300752
300101
688049
688661
688222
000422
688089
600279
300939
600495
688125
000677
300290
300001
300557
688690
002792
000333
300188
002217
300302
600312
300437
002342
300025
603269
001332
688031
688127
603829
603130
002859
688652
603515
000768
600721
002101
301538
301221
300743
603348
601688
688060
603528
301020
002799
688035
301201
600618
688550
301259
300081
300441
600130
300458
300438
300480
688377
600031
000957
600771
002079
300913
301078
688710
688039
688372
601231
301150
301550
000008
300653
688373
688183
300989
002166
300684
301348
688410
688257
002522
688620
688677
300359
300813
002657
688234
002662
301028
688348
002577
300098
603558
301600
688418
600269
603486
301192
301185
688286
603261
603992
300711
688061
301083
300656
688093
300942
601005
300917
688698
600645
300724
002316
002271
300885
688607
688322
603997
603306
300088
301125
002996
601398
301010
600012
688381
300484
000997
688569
000560
300205
300513
688588
002641
600623
000989
301163
688102
603166
003015
001389
002036
300428
002805
001387
688403
601869
002253
002843
002409
600703
300865
688045
603888
002549
002425
301392
688131
002935
002708
300462
300122
301153
603090
300278
301086
000913
605118
603279
300701
688261
601689
600707
688662
600888
300148
001379
688195
000070
603690
688150
688238
002077
002380
002721
688072
600423
300593
000056
688660
300227
603209
600333
002129
300554
603375
603779
000166
002472
002323
688616
300785
688213
688520
603229
603638
603192
002856
300418
688535
688202
301369
688367
603123
300360
300817
600287
600356
002112
688316
600216
600330
002553
601881
002649
301048
300226
603595
301571
688062
600605
601360
301100
601555
000605
002846
300230
002387
600262
002119
002599
002123
002238
002616
300749
301055
600000
301418
603788
688539
301316
600679
000001
300567
002582
300236
601198
603530
688981
300306
688468
002138
688156
601377
301248
300571
301508
603726
300654
688041
688516
300217
301070
002611
600418
002617
603085
688208
300151
300404
688313
002205
300916
002728
002365
002424
600955
002584
688199
603324
002643
002261
002443
301539
300432
603928
300032
600711
300812
600864
603078
603717
300233
688357
300633
301510
600809
688080
688067
603186
600226
000818
600745
300602
300903
002767
300429
300445
688448
600783
688256
301421
603033
002455
300756
688562
688184
603129
688216
002860
000400
300548
603006
688058
601369
688012
688798
301289
003022
000963
600635
002476
600271
603773
603439
688360
600867
600452
300054
300296
301318
301362
688047
688693
600097
301211
600177
300300
300514
603112
603912
300130
688589
300979
605336
000600
688466
300968
300009
601336
603586
301127
688385
002048
000700
688663
301179
688336
600456
605277
001212
300414
688321
002546
002715
688777
603118
301228
603280
300029
300444
000598
300114
688025
603931
688369
300664
300047
600831
301109
002967
002644
600460
603843
601877
300822
603051
300067
002096
600756
000948
300364
002915
300074
688268
002881
300619
603806
300222
300710
688543
601811
688379
000627
603320
688772
300215
300486
688101
000510
300402
688577
603125
300107
688776
002796
603828
688177
300075
688228
600379
301042
688498
300253
600611
688009
688605
002315
001205
002960
000810
002142
300768
688691
300790
000421
300786
301288
300727
000970
300078
300174
600273
600089
300539
301505
300283
002029
002488
002094
605028
688579
600353
601882
300331
301306
688282
002801
300847
300672
301141
003031
688232
600793
002569
603366
603969
300959
603353
301373
002668
300249
600588
002513
300252
300522
605155
300572
300419
688215
002172
300127
002823
301281
300991
300427
603097
688048
300818
300042
300553
001282
300055
002624
600592
000503
300046
002350
603225
001239
688078
001368
688201
300998
003010
601133
600078
002401
300210
600658
301428
000762
688200
300977
601111
300263
300929
600099
301337
603260
688171
002893
300084
600232
301176
688480
002416
688221
688192
000695
301230
002161
301320
600111
300327
688070
600152
002631
300147
600184
300035
688479
600363
300745
605566
000042
603220
300041
688657
603025
300981
002124
002314
002491
688296
600787
688270
002947
000544
002027
600579
301312
000651
300599
300647
002803
600651
301159
688469
688319
300270
688560
688439
300134
300487
300900
603100
300972
688668
603379
688018
002324
688459
300707
600239
002945
300777
688239
301095
301021
603786
002030
600837
002182
688787
688388
300160
600808
600862
300422
688449
603088
688273
300867
600415
688318
002202
688458
300579
300774
603416
002560
300489
300247
688530
688358
601066
002766
301178
003039
688799
002736
002885
603010
688699
002248
603068
600486
300277
300276
002725
300357
688670
301525
002131
000050
301503
002090
301256
002428
688728
600316
300508
301045
605319
002594
002326
688347
300165
300128
688123
603697
001268
300645
688426
300882
688365
300284
603881
002529
688615
300766
603929
603444
300825
002835
600182
603809
300845
301130
002775
600221
301212
002590
301050
600557
603920
002987
603206
300793
603936
001979
300738
600227
002082
001208
600535
300324
002245
301377
301099
301308
301517
688496
688401
002660
300382
301349
688279
000623
600114
688591
000893
605296
000917
300543
300732
002398
002482
603501
300624
300079
600061
600667
300408
300730
000839
000506
002700
600708
688092
300255
688523
688597
002970
002973
600446
603767
300013
300826
300726
603386
301360
001260
605258
002074
002519
300642
601686
688366
300958
603836
300365
301378
600539
603766
605055
301063
600288
300835
688180
688311
600141
688229
688387
300349
600834
688011
000880
002520
300686
603061
002371
688602
002771
600301
002001
002259
300925
002774
300617
601966
688429
688010
688143
000538
300036
002213
605555
000158
300073
688630
002180
002822
002984
301338
001207
601208
300613
300850
300351
002484
603162
300322
603281
002246
002436
601988
603927
002361
301548
301082
601002
603288
300603
688513
300872
688330
300538
688244
002287
300348
600570
301234
688203
688618
301489
600792
603073
002267
002212
002153
688419
300091
301365
301300
600422
600520
600372
300568
603933
301611
688678
603955
300293
688525
002426
301295
301396
301135
002149
000529
000703
300870
300442
002981
002655
300629
002439
300497
601528
300448
002302
000597
300224
301439
688110
300221
688314
600674
603266
300375
301448
002068
301522
002335
300661
300211
002916
603065
600266
603335
688711
300688
300355
300849
301036
688685
002474
600160
688502
003013
301622
001202
002465
300063
300172
300199
603681
300802
300212
688189
000415
002869
000936
605158
300340
002883
002689
603032
688511
603091
688187
688079
300502
600770
603050
301132
603360
688601
688237
300781
301520
301117
601155
600055
600517
301591
300846
688722
603650
603777
300598
601515
603408
002249
600243
300806
600530
600801
603876
301136
002651
002057
000697
000423
000680
600830
600462
301190
603308
