002132
300394
601801
601163
601628
601872
688019
688633
600893
300823
600778
300910
605589
002353
603733
000852
600193
000776
002510
301626
002958
601916
601788
002393
002011
300904
603948
300853
300832
688087
300926
301000
300892
600865
601696
601798
300906
300307
603056
603500
600855
000403
603063
600901
600694
603390
002415
603960
002111
601021
002419
603688
002216
688091
301327
605090
300803
601108
001311
605305
601233
002557
600839
600894
000786
300518
300274
688036
603855
600908
002126
601717
002390
605378
002344
601975
601816
002839
600406
603323
600888
001379
002807
603915
300554
605050
000755
601881
601198
002150
688208
600958
600875
600596
600583
601619
601369
000501
688663
301278
300547
002488
601577
603291
002027
603100
601611
600989
600862
601059
002468
600182
603009
000728
002245
600061
600446
600971
601187
002884
300010
000615
600792
601860
600828
603191
000597
300224
603050
002249
688522
