300689
002038
688002
600843
603337
688581
600511
688230
001258
300077
301137
300945
300589
300473
300316
600057
603686
300630
688793
600789
300374
603871
300313
002221
002518
603759
601908
688130
300956
603699
600129
001326
300308
600963
300641
688665
002226
603310
301071
300576
300623
600621
001872
001286
300483
688028
002922
002009
000519
605003
688629
300286
301269
300992
301209
601179
000906
600965
688515
002046
301286
603365
000338
603297
300740
601117
605100
001298
603558
601113
603299
603959
002708
688662
688195
603259
600000
000001
002582
688981
603324
300432
600864
000818
002455
688360
301211
600456
000627
601128
000157
603225
001239
601137
603025
600579
688319
300972
301021
688318
603010
600486
688347
688426
603929
603206
601686
002001
300351
600160
688187
601009
