600869
002132
300394
300695
603897
688162
688768
001314
601801
600284
601163
600006
600814
002862
605268
002033
688633
002724
301596
300823
600778
300125
002808
002929
300251
301105
605255
603733
002630
600193
002168
002615
002510
605188
300507
688433
301413
600858
300164
601788
603333
002701
002358
601121
300904
300853
300815
688076
300936
603315
600201
001234
301200
600601
688135
300193
600366
603600
600865
002957
002073
301499
601096
301161
000026
301305
600138
688653
600855
600054
002950
002845
603656
600694
603496
688533
603390
688628
002697
603738
688611
600391
300440
002111
002236
600295
002983
301299
301383
002334
601021
603688
002733
300796
301586
002218
605090
603377
002328
002483
300803
001311
600894
002597
002097
300881
300518
603082
688037
002580
002345
688159
603709
603388
601375
300323
688386
605196
002534
000920
600355
002390
002170
605378
301389
000915
002792
600816
603829
301221
601816
300137
002471
603359
600888
000815
001379
603690
603915
603779
603638
300817
601198
300306
002825
002150
688208
002448
002925
600958
603078
603325
300447
600861
601369
002848
000501
600599
603586
603931
300547
002801
603193
603355
300572
300127
002823
603291
000533
601116
605566
002050
000544
001219
603100
600103
002090
600182
002987
603009
002245
600081
600114
688597
600971
300835
603061
001207
000615
002436
600792
600298
600828
000570
603191
000597
300224
000415
002840
600126
601236
000902
688166
600462
603308
