603389
301276
002059
002991
300947
603986
600318
301113
603223
300570
605151
600879
002811
002654
002092
002709
301008
002065
603043
601500
603216
603012
300153
002612
002602
002187
688766
605333
002910
002148
601038
688205
688378
600419
688226
603004
600996
000850
002919
603153
600006
002596
300426
605303
601777
002364
603070
600851
300395
300076
002033
002743
605337
002174
301287
300295
603121
688277
600501
300615
605499
300381
000702
300640
300863
603626
688069
603317
601238
300152
002559
301255
002847
002899
600377
688580
300100
600778
301297
603866
300910
603608
002726
300338
002875
600198
002929
603616
300043
002568
600289
002307
603477
300002
601086
002469
688622
688053
002487
601609
603167
300446
002946
002031
002888
000428
002512
003042
002685
002181
688708
600237
600724
001222
300162
605255
300702
002353
002895
603602
002614
002650
300123
603991
002780
600246
300223
600212
301336
300558
688716
603215
301626
688750
603679
603330
000155
300102
605188
301202
600234
603667
603136
688103
001306
603333
000016
002769
002276
600714
603988
301162
688486
301353
300990
300150
301066
002069
600593
300541
600749
300219
600075
300342
000715
301558
603315
300588
600201
001234
002006
605178
603787
600052
002105
000811
603600
601969
002279
300201
002555
300622
300795
688720
300668
688800
603316
603058
002177
002829
301589
301379
002227
000833
603587
600054
000678
002713
600673
300292
603000
300791
603236
600299
603557
600302
000752
000683
000793
002014
605298
301027
600171
301108
000921
301323
605365
603719
002154
001696
688596
600694
002779
301408
605366
000524
002255
300087
002199
002564
603079
600331
000820
603529
002949
002432
603999
003030
603131
603551
600892
300859
603950
600562
688235
301299
301446
601028
001380
600589
605180
003026
605122
301502
300472
605018
600728
002357
002942
002410
605500
000816
001206
002758
002661
600250
300953
000809
603978
601698
603838
301009
603983
002144
603706
002898
688132
002442
301199
301469
002955
000796
300299
600833
300736
603559
301091
603199
603005
300506
603307
688719
605398
600736
688197
301566
003006
603059
601616
603729
300108
600880
301391
301227
002858
300405
002159
301012
000561
000886
603682
301220
001309
300467
300805
601636
002331
603214
301325
300373
600487
603709
301368
600927
301366
301183
300420
600676
600060
000534
300240
600829
300475
300218
002309
300719
600571
000659
601339
688219
300866
603599
688252
603658
300660
688320
688222
002570
300939
603081
600185
300302
300025
603269
001332
000532
000610
688084
600754
600529
603528
688550
301259
300081
000957
688372
301550
300989
301348
300503
300703
603103
300648
002577
000929
000802
600775
002905
300711
688093
000031
600106
002383
301010
000997
605289
300513
600561
002242
603069
003001
001387
002993
300584
002016
300673
000735
002708
002329
300550
000100
301086
600612
688267
600707
600888
002842
300148
600132
002077
000056
300681
301633
603915
002890
300851
002639
600628
000863
600774
000755
600826
301487
002649
603595
300407
001317
301386
300712
002123
600506
300753
600679
605099
002908
300976
600889
603887
002718
300902
002138
002825
300577
002103
002873
002728
002870
600955
002584
000419
300144
002045
002643
002963
688682
603717
603708
300973
600861
300756
603880
688160
688656
688798
603917
000501
300296
002175
688047
002576
603099
600177
002962
300657
601599
605336
002933
603863
600933
002748
600228
600272
002762
603803
688636
002096
002915
605577
300710
600100
002707
300549
600476
002678
688598
000803
002058
300786
603096
002029
000753
600941
603898
002292
000157
600793
300959
601999
603369
300522
600706
300955
300609
300403
003010
603696
300430
301428
001283
300901
000785
600543
605288
301337
300933
300411
601990
002161
002163
301320
600363
601933
605567
688439
002552
001219
600455
688018
603615
002712
300298
600629
688787
688449
603088
300774
002377
002766
603607
002951
600900
603238
300165
600137
600689
300310
603895
002178
301335
603399
605266
300499
002082
000888
300491
600300
688279
600156
000917
000909
300255
605258
300833
002824
300436
001296
603312
000679
688143
605555
605169
000615
603076
000801
603187
300888
000425
001300
301118
603511
600368
600520
002265
603303
301376
300442
002655
300542
002463
002695
002302
688110
002301
600563
002068
000892
002916
301036
600545
000821
301622
002689
603032
003037
002719
300209
603107
002857
600265
600982
600686
300468
603128
301591
603777
002953
300762
688522
000697
600785
