301085
601595
002241
300520
300570
600843
002782
603039
300782
603629
688581
300154
002429
002362
600511
688230
002837
001258
300077
301328
301137
300589
002156
002705
688008
603890
300868
603686
300256
002106
688793
002185
600789
300313
300033
002049
002518
688130
688778
688590
300951
300250
300956
000977
688391
688248
000016
600129
001326
688627
300308
002730
300641
002917
688665
603310
300798
300632
002815
600590
300576
300623
000021
600993
603236
600285
600621
301282
603508
002017
301251
605365
603228
300504
603083
688028
688003
002009
605003
688629
688343
300895
603019
300286
688220
000988
600584
301269
300992
601179
002635
600085
600965
603005
688515
300604
688129
002913
301286
301123
000034
605016
300311
603365
002189
301252
300373
603380
300475
300590
603297
688603
300566
300740
301187
605100
001298
688127
301538
688035
688550
603489
600771
300684
603558
300942
688698
600645
601113
603306
603959
601869
002708
605118
688662
688195
002119
002123
300567
002582
688981
688041
688313
603324
300432
600864
002137
000818
603773
688360
688047
301211
300514
601336
301179
600456
002026
600460
300619
300847
600793
300046
601137
301428
300263
688676
688221
603025
600579
688319
300972
603379
688318
603010
301191
688347
688426
688365
603881
603929
002835
603809
603206
603936
300738
301099
000506
300349
000880
002213
300351
002484
301489
600520
300145
688678
002335
300688
688079
301132
603650
601515
