301085
601595
002241
300570
002782
603039
002065
002414
301236
300782
603629
300154
002230
002429
300552
688209
002362
300395
002837
600983
300136
300207
301328
002156
002808
002705
601138
300251
688008
301175
603890
300002
600640
002106
002185
002841
300033
002049
600449
688702
688778
688307
300197
688590
300951
300250
600757
000977
688391
688248
000016
300460
688609
688627
600498
002730
600845
001339
002917
301390
688190
600601
300433
003019
000725
300798
300975
002555
601166
002815
600590
300578
300634
601901
000021
688179
688097
603236
300425
600285
300166
301282
603508
002017
301251
605365
603093
603228
300235
603496
600926
300504
002600
301208
603083
001289
603738
300880
300479
002517
002376
002236
300171
000636
600373
301139
300693
605058
300996
605111
688258
000656
688343
300895
603019
688220
603392
000988
600584
600268
300105
002635
600085
603005
688300
603232
300604
002913
603163
002985
300935
301123
000034
002990
605016
300674
300311
301061
002189
301252
300373
688159
603380
300323
300628
002595
300475
688158
300590
688603
002405
300566
301187
002080
301603
300557
002792
300188
688127
603130
002859
688652
301538
688035
688550
603489
601231
600278
300684
300098
603486
300678
688698
600645
603306
300088
300513
688588
688102
601869
605118
002053
002475
300360
002119
002123
300567
300306
301248
688041
002446
688313
600343
002643
603717
605123
002137
300667
603773
600452
688047
300514
601336
301179
000690
002026
688777
300444
300664
603803
600460
300619
600100
300075
688228
600611
000553
688691
300847
300672
600793
300046
002401
301428
300263
688676
603260
688221
000651
603379
000851
688699
301503
301191
688365
603881
603936
300738
301099
603501
000506
002117
603766
688229
688387
300349
000880
002371
002771
300036
002213
300613
002484
300322
603927
000006
301019
301489
002153
600520
300145
688678
301128
002335
300669
000899
300688
300183
300140
002869
688079
300209
301132
688136
603650
