000571
002427
601200
002787
300891
300129
300982
603389
300689
002892
688153
000563
300071
605011
002072
688262
600223
600370
688489
301085
002044
002773
002059
300509
688287
300545
600469
688002
301172
603233
601595
300952
603038
301238
688638
002054
688247
688108
603385
600643
300229
300831
301262
603986
300257
300030
300412
688161
300520
002817
000410
301181
301272
688584
300650
002741
605151
600109
301518
301223
600843
600969
603119
002190
301076
300994
002811
301307
002654
000858
300810
600744
300531
300887
600624
688088
688570
601858
002587
301008
001225
002065
002872
002363
301165
688327
301357
300896
600378
688107
688139
002853
300695
603897
688326
000638
002187
300061
301236
688766
300321
688063
002583
300811
688162
300855
002492
002910
688768
300045
600540
002148
688581
603309
002538
002556
300314
002162
300638
000978
000901
300154
603298
688186
688696
688207
301511
002338
688233
301260
300537
600776
605339
300344
002230
603173
603004
003004
000850
000712
301198
600249
002919
601669
688733
000020
603663
000036
000608
002989
688027
000612
603336
300552
000566
000025
688529
688209
002362
601099
605303
603819
300631
002297
600435
688266
300528
300288
002459
600371
600165
301177
605066
603116
000790
300565
300170
300353
603893
002210
301231
603707
688230
600851
300591
688121
688181
300395
300397
002837
000019
301005
300279
002571
002742
300769
003025
002623
300285
603098
603208
600113
603949
601996
688585
688521
600977
301608
688613
600644
600636
001255
605337
688425
002155
688312
002312
688484
603178
688586
002400
688019
300295
688275
603052
688633
603121
605077
600493
300478
603331
300027
688277
002903
600501
300814
603590
300533
002537
003043
301486
300381
688355
002413
301596
300663
300640
002274
003005
300077
600960
002247
300698
688212
603285
300863
603108
301235
603115
300884
300625
002303
688069
603317
601238
600665
300152
603739
301328
301315
002559
603072
002268
301255
601368
300461
300988
600882
300823
002899
603859
002532
000973
300019
301329
603358
688580
300100
688409
300627
300149
300180
600769
000420
600778
301297
603048
601718
300589
603866
603326
000014
603066
002421
601007
300551
000576
603040
603608
300117
301152
300905
600439
000903
603499
688305
688056
600715
002457
300644
002156
300338
603194
300454
301110
301382
301103
000568
600198
002929
300614
603797
002453
600802
000559
002231
600691
603235
603810
002330
603662
300049
300687
000737
301197
300072
300883
002735
600448
300115
601118
300043
603258
601899
300770
600057
600183
600289
600797
301330
002307
688008
603477
601519
301007
301206
600794
002897
688306
603458
300868
600149
603203
605005
300002
301186
300094
301031
000789
300830
300564
000931
002008
603176
002469
301290
301090
603686
002373
603318
688622
600640
300415
300927
601588
300346
688053
600436
301381
002487
301310
300474
300256
002785
002687
300581
300978
002281
603569
002031
301105
002185
601218
301257
300616
002841
300352
301160
002729
300159
688380
300374
000066
002512
003042
300932
002868
600637
300709
300758
300416
002685
301372
002833
601929
301292
002181
300033
300052
002722
688310
600560
688708
300264
600696
688631
600909
000631
000430
600158
301298
603585
002049
603060
600724
688118
002536
300556
688030
605255
300358
000859
301171
600727
603759
002263
002404
300269
300385
002614
688702
002747
301098
002734
002836
002650
603860
600580
000711
300123
300920
002975
002527
301617
603089
603883
300965
688788
603800
601162
301029
688778
603991
600734
300876
000058
600246
688505
300223
600212
002196
688307
688686
603665
688017
002531
605183
601702
300197
688709
688117
600968
603633
300558
688671
301210
688716
002510
300008
605136
002920
603679
002291
688109
002262
300861
603330
300231
300250
301585
300400
688692
603305
688020
002194
300507
688350
000599
002225
600162
688726
600990
000935
688658
600559
301413
000977
600986
300157
600259
603667
002456
600638
600577
603533
603221
000822
002980
603598
601177
601788
301092
001306
688052
002277
600835
300320
002164
000557
000565
600844
001266
002146
300326
301011
002348
300208
603699
603718
002653
300464
688001
301087
600131
600714
000507
300460
002968
301162
002467
688609
601992
301356
600619
300190
301353
301229
600293
688627
300150
300024
603948
600649
301066
603659
688689
300853
300532
688308
301072
300529
002069
001231
600593
300815
300677
600498
600080
300058
600578
002403
600963
002211
002730
300842
600749
300219
605108
603628
600998
300997
688566
300378
000062
603200
603636
002272
002165
600075
300182
002683
688151
600421
002979
001319
300342
601606
001287
603270
300691
605001
301558
600575
000831
301215
002423
603158
300809
002273
600725
002598
688087
688295
001201
601601
002006
600654
600610
000720
301155
688621
603363
603725
605178
688206
002786
603787
301200
603196
688135
688568
001318
002139
002470
600052
688095
300193
301065
300922
603989
000555
688081
002652
301000
002085
300892
002179
605133
000811
601696
600791
301273
603993
603395
002279
300635
688595
603383
002703
301060
301013
601798
300201
300921
603685
603282
002957
002901
603538
300637
600984
300632
002073
603075
300975
300666
300879
300713
300655
688416
688285
301578
300622
600590
300578
603516
688211
300634
300118
300155
688720
688400
603185
605168
301025
300576
301073
603611
000721
600753
301279
301268
301628
603022
603109
000829
000505
300307
600970
002005
000584
002083
600979
688106
600187
301131
000551
601965
000525
002388
688519
300765
603058
002177
002829
688138
688297
688478
600346
300792
688648
300053
301393
002462
600369
300120
603275
300366
603205
300623
000514
300930
300192
603926
300731
600382
300198
000833
603587
002628
000750
002673
600054
603839
000678
000021
688179
600859
000797
002285
300292
603000
688097
688271
300696
603506
603236
600299
300200
000063
300354
002777
300318
600048
002977
603687
603198
301121
000403
002876
000793
688435
603990
002681
605298
001872
300166
600841
688517
002950
002896
603508
600171
603135
301108
000921
603568
300512
688099
002017
301016
603381
301419
300651
301217
688066
000007
600523
603677
600685
300780
001286
002850
300007
002694
600962
688512
300682
300772
603155
002845
002154
603093
301456
688600
002305
001322
300044
600067
301280
300242
603231
300483
001696
688596
002999
300304
000985
603496
603030
600215
301526
300671
603313
688251
600071
688533
300504
002438
300135
601865
300466
002779
301096
301408
301581
600815
301208
000524
603703
002564
603583
688383
603079
002298
603755
000820
603015
688456
002256
002696
001289
002356
603505
300773
600705
002544
601666
603738
000668
300940
688611
002949
301592
300611
002634
301631
300880
300479
002672
002517
603999
003030
603131
000887
600807
688737
301265
600391
688003
603421
603960
300680
002376
600892
000731
300440
300859
000757
300339
300535
301043
603669
300476
600606
002095
002232
300387
600650
688338
688235
603728
000636
300206
688291
301359
603488
300889
300173
600159
301383
002128
603267
001380
600589
002882
300580
002941
301139
688563
603982
600320
603517
002514
301319
002334
300315
301057
002009
000519
300083
003026
000736
300133
301355
600536
688272
603086
603391
002791
301395
688561
688258
000965
300112
002135
600630
301512
002768
300836
300721
688006
300472
300369
688536
300187
600728
688629
002357
000010
603977
002942
600615
603160
001209
600509
002216
002679
002939
605500
002151
000816
600800
002622
002906
000856
600604
002223
300332
000656
002931
301586
300243
600208
605081
300658
300521
688343
002758
688359
301327
688038
688083
300016
600250
300953
300895
002676
000545
002648
001288
600641
003011
000779
688170
301459
001337
600876
600556
688172
688508
002526
601890
601698
300189
300031
603838
301009
300899
688259
688669
603226
300097
000717
603377
688553
000517
002898
688128
603150
605358
600584
300722
688175
688210
002795
688132
600622
603137
300516
301269
002698
600268
301199
688507
301613
300493
603018
001367
601778
688557
000682
688126
000059
688351
301203
002483
002955
001336
300345
688651
603212
002209
603211
688288
301266
301166
300803
300857
300299
002278
300177
301559
002198
000889
688695
301046
003033
300856
603711
002971
600965
300967
301091
000727
600732
002547
600375
688659
300784
002320
301168
600026
603005
300729
002354
688300
300388
600587
688515
603232
301587
002961
300506
688687
301023
601866
300604
603906
300505
688719
002422
603319
600839
002551
002431
603002
002816
300685
002813
600796
000426
605177
688197
002391
603660
301566
300834
001270
301079
000626
603059
601616
688395
300108
600880
000681
600037
603701
300096
002097
688571
002152
002820
002858
300124
002222
002985
300511
300720
601100
001333
300527
300639
300405
002159
002889
603776
301286
002313
300066
300274
000698
002290
002647
301133
600981
603082
605507
001278
301321
000561
603668
300037
002664
688037
301001
000069
300450
002406
002990
300546
300674
300311
300271
603869
300515
301314
600690
300379
603311
603682
002067
603901
301169
002692
603101
300467
688112
600169
300184
002579
600389
688023
600939
000027
300805
688531
300006
603879
002821
002331
002189
300827
002965
603214
688592
603565
688168
300291
600076
300373
301053
688246
301368
300500
002104
001373
603918
603290
300085
688122
301183
300717
300420
600895
601375
000676
600676
688450
300946
600060
603237
301488
300536
603655
000534
600310
600030
603111
600768
000572
688196
688111
301158
000701
600742
300449
002609
688386
300475
002309
688499
300819
600408
301468
300898
688158
600569
605128
300719
300590
600206
605196
600461
300287
600051
600581
300065
002746
300453
002534
603189
301167
603429
301004
603297
600571
603197
300759
002193
603278
688549
600718
688116
000659
300021
001316
600292
300740
300735
000920
688219
000536
002852
002186
301187
603617
601615
301309
300494
688015
002449
002170
002783
688626
300915
600719
301603
688398
300987
603256
600822
002197
300398
603398
300852
301311
002344
688501
000862
300660
300612
300101
688320
688049
688661
600143
002570
688077
600279
300897
301017
688390
600495
688578
688125
603081
000677
300290
300001
002310
002792
000333
600185
300188
002810
002217
300437
002342
688031
000532
600155
603190
000663
605488
600510
000610
688084
002859
000768
603680
603716
300380
001358
301221
300743
600777
603348
002524
603528
002799
600657
301112
300258
301201
688550
300733
301259
300081
688046
000635
300238
601188
300441
600130
300458
301040
603489
600031
000957
002079
605186
688345
002752
301078
688710
688039
600376
002675
301550
600278
000008
688183
600503
300684
301348
688620
300503
300359
300875
300261
688593
003021
002657
600425
688234
603053
002662
003007
300703
688548
688348
603103
600731
002577
300098
601898
301039
301600
600775
301192
301185
688286
603992
300711
688061
301083
603042
603113
000665
300656
300942
603976
600779
600283
000031
300957
300678
002346
300917
688698
300724
002316
601113
002271
605338
300885
688607
688322
603997
002402
300984
600585
001279
688582
301618
603057
601789
301125
688217
300530
002383
002286
002121
002023
600007
688381
300484
000997
300213
002037
688148
688569
000560
300205
603676
688085
002471
603712
688588
600561
603966
603069
301163
688102
000582
603166
688090
003001
001389
002761
600567
301038
600352
603177
300424
688218
688403
002494
000622
002016
601869
002253
002843
002409
603888
000735
002549
301392
601069
002935
002708
300462
300928
002329
002235
603980
688059
300278
600818
600340
002215
603279
000722
601689
300808
002396
688335
688662
002637
300148
001379
688075
000070
603610
002886
603690
600132
601949
002077
301246
688072
002497
000056
300227
688617
605388
301633
603915
688033
603963
000558
688552
301196
002360
600333
300851
002129
002671
300554
002472
002639
600628
688332
688616
000863
000923
300785
688213
688520
300017
002355
603519
600760
603638
002856
300418
688202
301369
001313
000002
603123
000875
605179
300860
000755
300817
600287
688113
605162
603017
600356
600826
301487
600216
002553
002649
301048
300226
300407
301571
688276
002294
001317
000633
601360
603259
000605
301116
000905
002387
300126
002599
002849
002238
002616
300749
600967
688337
301418
603788
000099
688539
600231
300753
300334
002908
300976
300567
600889
002997
603117
688071
688981
300306
688468
002138
301232
601377
605008
300571
600702
603378
000607
003029
000037
300169
301508
603726
300654
603916
688016
300217
002441
300592
002337
002617
603085
603979
300404
600082
600083
688249
600722
002191
002448
002205
600190
002103
600343
002343
603536
603122
002870
600678
688199
003017
688013
600626
002443
000065
301539
603928
000151
002963
002195
688682
301035
300032
600711
002347
603078
688357
000523
301510
605166
603817
000516
000617
688080
300963
300465
002434
688067
601225
603900
301102
002137
600226
600745
300948
300602
300973
300903
002767
002753
300429
300445
688448
300121
600783
002682
300748
600861
300667
300756
300563
688184
603129
300873
600386
000603
600681
688160
002860
000795
300699
300961
601512
000530
600620
603357
688393
301033
003022
000807
002789
000963
000685
600819
300225
603917
600336
000933
300203
688360
300054
300296
301318
301362
688047
600097
603099
301225
300300
002420
002158
603912
300657
002663
601599
300130
688589
605336
688466
600467
300968
601336
603586
301598
301127
002208
000700
002933
301179
300804
000040
001212
002561
000690
300675
000972
600616
603956
600497
601199
002026
688777
603118
301228
603280
300029
000068
300114
600228
301278
002659
000782
600168
300047
600831
301109
603277
300869
688576
603803
688636
600460
688361
603051
300067
600756
000948
600863
300364
002915
300074
688268
605577
002881
300222
688543
600100
300168
300665
002025
002084
688772
002638
300486
688101
000510
002707
002702
688577
603125
000030
300107
002995
002796
300549
688177
603609
600084
300075
600729
600476
300459
301042
688498
300253
600611
600872
688605
002315
000810
000803
301182
002058
000955
688691
000421
688098
300786
300146
300078
300174
603255
300539
301505
300283
300477
605089
600217
600203
002094
300706
605028
601882
300331
301306
688282
002801
000949
300847
603110
300672
002292
301141
003031
000156
300995
600793
603193
003028
603353
600360
002668
601999
000798
300522
605155
300419
688215
300127
688488
002823
301281
603339
000089
300106
300427
688048
600706
603080
300955
002115
000691
300609
688133
001282
603036
301398
605287
300055
603291
002624
600592
000925
000503
300046
301032
688639
688078
001368
688201
000799
002938
300403
601133
300908
002086
600251
002401
300210
002140
002760
000897
600661
600658
301428
601828
300583
688200
600480
600527
300901
300263
300929
000813
603666
603260
002893
300084
300411
002528
301176
300893
301397
603028
300986
688480
002375
601990
601116
000695
002161
002163
301320
000639
688198
300327
688070
002631
600184
688479
600515
000042
300041
603025
603789
603062
300981
002314
600684
688667
600935
605068
000548
002491
002554
600787
688270
002050
605567
601600
002803
600651
600897
688469
688560
300134
300487
001219
600455
688558
301037
300900
688668
002136
688018
002324
688459
603615
301003
300707
600239
002712
002945
688239
301095
002593
600989
300451
600383
002030
600837
688787
603088
688273
001330
300867
600415
300692
300421
688458
002723
002666
603903
300774
603416
000718
300489
300247
688530
002766
301178
003039
002736
002248
603068
603396
300277
301370
300276
002725
600490
600900
600335
603213
688670
301525
688283
002131
603238
603188
300739
603286
301256
301191
600316
300508
605319
688347
002716
300694
300165
002188
002797
000710
603697
600053
600137
600689
600671
300401
603790
688365
300284
603881
300310
002481
300195
300755
002468
002184
603444
300825
002835
601900
603809
002535
301130
603895
002775
300093
002178
600221
301050
603920
603399
000488
000926
603009
603206
300793
301151
001979
300499
603596
300738
600227
688167
002064
001208
002877
300324
002812
301099
600081
301308
300111
301517
688496
603165
600300
300983
300382
600114
002311
688591
600156
603968
000917
603501
300624
002133
300079
001210
600135
600738
300408
000692
000628
002515
600936
000980
000839
000506
600708
688092
605056
002970
600550
002973
603767
300013
300826
002819
002519
300642
300958
600396
002117
002589
002750
603836
300365
300011
600539
605055
301063
301261
603020
002824
688387
300705
002063
000547
000880
002520
002878
603061
300436
600178
001376
000593
002771
600898
301577
301156
002259
300925
301556
002774
688429
002646
688010
688143
300559
002800
603619
301052
300839
605555
300010
000158
000958
688630
001360
600533
605389
002984
301338
001207
002130
600323
300582
301551
300399
605169
300383
002484
300322
603076
002246
002436
301263
603927
688165
000801
002982
301548
300919
688779
601002
300872
600079
603187
000006
600570
000425
688203
600653
603073
002153
688419
300091
300886
688119
603589
301300
300220
300132
600520
002283
688623
301149
000670
002041
300145
603933
301611
603350
301580
603955
300293
688525
600885
600410
002149
603939
002809
688610
000529
300870
301128
300442
002981
300670
300629
300542
603778
002695
300448
002302
603387
300224
688503
300787
300103
688110
300587
002301
603466
603266
300050
002339
301522
000892
600101
688711
300573
300688
300355
300350
301036
688685
002474
301101
600545
688502
000821
301622
001267
002465
300063
300172
603681
600400
300212
600698
000415
300949
002840
300340
000837
002689
301226
000504
688511
600817
600202
600176
600770
600825
600821
300393
002719
603272
002374
000800
600265
600686
603360
605006
688601
300413
688237
600519
300781
300468
301520
601236
603700
301117
603171
301068
688166
605020
603650
603777
603730
002953
300598
601515
688255
600759
600243
300806
002607
300762
002057
301293
000697
600830
600462
002765
