000571
688362
300689
002892
600070
002072
300509
600318
002811
600537
600624
688088
688139
300695
002602
688766
688768
300092
688339
688696
688226
603004
000712
688141
002989
300426
002862
603683
301177
300565
603893
002837
601168
002571
300840
603052
000981
003005
300824
300228
300117
300265
002591
002369
002156
300115
600183
301007
300868
300750
301031
300377
300415
002031
688380
003042
002685
002181
600696
600237
601058
002536
301171
688702
300123
300920
603800
601366
301210
688716
000155
603815
600039
605188
001238
603161
000935
301413
000977
603667
600858
601229
300326
603699
301162
688486
002358
001231
002173
002403
002040
605001
301120
600568
688665
600601
603989
002073
603075
603516
000525
002177
300792
300731
000833
603198
301027
688099
301419
300007
002845
300044
603656
600215
002779
603703
603083
603583
000820
603015
002356
688611
600807
603095
300476
603950
300143
301383
601028
300580
002318
000010
002942
603507
301327
300700
001288
002526
688220
301009
603983
000988
603137
301199
600854
002483
603211
002480
301168
600026
603005
002354
688300
688290
600257
688608
002820
300881
300518
002159
301001
300546
600690
002122
002692
001309
002543
603045
300827
688168
301183
000596
603655
000534
300628
601799
688386
301004
600499
688252
300852
688320
688049
002229
002792
001332
003002
605488
688652
300458
688372
301550
688183
300989
002166
300684
603053
300703
603639
603992
688698
603306
600012
001389
601869
002329
300808
002637
603963
000558
688332
300785
300360
002553
600605
002846
600506
300753
600679
300976
002718
688981
002825
688041
002611
600418
603979
301188
300838
600226
300602
600218
603033
688160
301033
002175
300300
300979
605336
605277
603118
301097
603277
603803
688543
688577
688498
688605
002315
300174
002801
603898
300368
603355
605155
603339
002938
600078
301428
001283
300583
688676
603666
300084
688221
300041
603062
300647
301037
688668
688018
688239
688787
688449
603416
002725
301525
002131
002021
300694
688606
688123
603697
688365
603809
301130
603895
002178
603920
603009
300163
688279
688591
002270
000506
600708
605056
002970
600446
002750
600539
300835
603061
300436
002001
301556
688010
605555
002822
001207
002130
300613
300383
002484
688165
301082
600422
603511
000521
301128
300442
688503
002335
301036
600545
688502
001965
600255
600202
300969
600265
605020
002249
000697
002765
