300610
002787
300891
688408
002201
600319
000563
688680
300071
301085
002044
002059
688287
300545
002991
601595
603385
600643
300229
600481
301262
002863
300501
301113
605588
300337
002066
600109
600843
000713
301332
300409
301307
002132
002092
603039
300531
601858
002587
002065
002872
000638
300061
301236
603337
603138
600540
300596
300275
002162
002056
000978
688152
688551
301260
600776
002732
605339
300268
600249
002642
000758
605198
601163
600006
300552
002596
002763
688209
002828
300631
300528
002459
600371
603116
002299
300113
301231
600511
688230
600851
300591
000019
300279
003025
002623
300285
600113
600977
600644
600303
605337
600230
603178
002206
002400
688721
300027
003043
603937
688355
300136
000987
300077
002247
002340
603285
300863
603115
601020
002559
300988
300823
000973
300019
300180
300589
603326
603066
002421
601007
600482
603040
603608
600439
000903
000860
603637
600715
002457
300644
688376
688096
301382
002627
002667
300316
000559
002296
603235
002330
300049
600448
603258
300770
600057
301330
601519
603458
603203
002466
603176
002469
301195
603686
301381
002785
002687
301552
300446
000428
300352
300159
300374
000066
300022
002833
601929
301292
300033
300052
002722
600560
600733
688631
003035
301298
002221
001222
300556
600359
600727
603602
300269
300385
002614
002734
002650
603860
002975
300965
688788
300844
601162
000776
000058
300223
002196
603665
688709
600968
603566
300305
603215
300059
300008
688225
300231
300400
300102
300507
000599
603995
301106
688726
600990
300751
600559
301219
300157
600810
603533
603221
000822
300586
603136
601177
601788
688052
688005
002146
300208
300464
688001
300335
000507
603988
600433
600354
301356
300771
300150
300532
603139
300815
300058
300289
002211
300842
600749
300219
001339
603628
603636
600075
300182
301233
002806
300496
601606
001287
603270
000783
301558
002110
002423
002093
603811
001234
301302
600654
600610
603725
603310
002786
301200
603196
301075
001318
600052
300193
000049
688081
002085
300892
300763
605300
688681
603993
002279
688026
601798
603685
603282
002957
002901
300637
600984
300632
301499
300666
605138
300797
601998
300118
300155
300597
002240
001217
603987
603185
605168
301025
000026
301073
002120
603022
000505
300307
000584
002083
603878
301131
002388
600846
002462
603275
300623
300192
603926
000750
603839
002713
000885
000797
601956
688506
603506
600302
002479
600048
000793
603990
300166
603328
600171
603568
002017
003023
603381
600523
300780
605286
603093
688600
600067
300235
002176
600901
001696
600694
300303
000088
301526
688251
002731
601865
301408
002600
002255
300087
603755
300175
002696
300773
600705
300234
002697
603738
300611
300757
300880
003030
002389
603960
000731
600755
002264
002759
300859
300618
000757
300339
300535
003018
301043
600295
600159
002128
002451
002636
002830
300315
000546
300133
300662
688258
000965
300112
600630
002506
300369
300918
002679
002939
605500
600119
605189
002622
000812
301107
000856
688155
603527
002223
000656
300176
300658
600608
002758
002661
600250
300895
000545
600459
603019
600426
301459
300286
601890
600697
688259
603377
601061
603150
605358
002795
301469
300161
603212
002209
688288
301266
600666
300803
300299
002278
301559
003033
603711
002606
301091
603199
600732
000409
300784
002961
300776
300604
600257
300505
688129
002912
600894
003006
000626
603729
603021
600880
600037
603701
002327
300099
002097
301227
002858
300720
603886
300405
300066
300274
002160
600981
000034
300674
300311
300271
301314
601918
300467
002579
002345
000402
688531
601636
600730
688592
300291
300373
301053
003009
600927
001373
300877
603918
300085
603388
601375
301488
603201
600768
688111
600742
002609
300475
688499
301468
601717
600461
300287
002395
688191
603189
301167
600571
688116
600438
300021
601339
600390
002852
002186
601658
600038
600719
688398
002500
300987
002197
001298
300398
002344
000953
300752
300612
688661
600143
002570
600279
688390
688578
300001
300557
600816
002810
300437
002342
688031
603829
000532
600155
603190
000663
001228
603680
603716
600529
600777
301020
002799
600657
688035
000751
300081
000635
300441
002625
300438
002321
000957
002079
688039
301150
000008
600503
603861
688620
300359
300813
688234
300098
301185
688061
603113
600779
600283
300917
300724
002316
002271
605338
688607
600106
001279
688582
688217
002383
603055
301081
688178
600007
300213
600561
603966
688102
002295
002036
603177
600470
002494
601869
002253
000096
002425
002235
603980
688267
688662
300148
000070
603690
601949
603908
000056
688617
605388
002890
002360
300851
002129
600531
603375
605222
000166
000863
603273
300600
603638
600774
002523
600549
603123
300860
600287
603017
002145
600826
002649
300226
603595
300407
600664
601555
000605
301116
300230
002387
600262
002238
300749
600387
301418
000708
603788
300962
000001
603239
300236
688071
601198
300902
688468
601377
300571
603378
000607
300169
300654
603180
688016
300217
002337
003016
002446
600082
002205
300577
600190
002873
002343
603122
002584
600678
000419
002261
688786
002443
688682
600361
300032
600864
603078
301510
600338
603817
000617
688080
600811
002434
603186
000686
300973
002767
002753
300445
001236
600783
002682
600861
002455
300756
600583
603880
001230
688184
300873
600121
600699
000928
002860
000685
600819
300779
002476
603439
600609
002501
301225
300514
603182
601599
600467
600136
603586
000700
603321
002546
600616
002715
301228
603280
600525
300444
600228
301278
002659
000782
603931
300047
600831
001324
301109
002762
002926
688636
002644
688361
603051
300067
600756
000948
300364
605577
603806
300710
300665
600739
688379
002638
300486
002707
002702
603125
000030
002678
301042
001205
002960
000803
300004
000955
002790
300477
600941
002094
300706
605028
600353
002998
300847
000156
688232
000157
603969
600360
301373
601999
002802
002513
000798
300419
300106
300427
600706
603080
300818
002115
300553
300609
603036
605287
002624
300046
600648
001239
000799
601133
300908
002086
002645
603696
600658
002394
600527
600543
605288
600099
600232
300411
002528
300986
002375
603758
601990
601116
688192
000695
002161
000639
002493
000060
600184
600515
603885
688667
000548
002947
000531
002803
301056
600897
600337
300270
603037
001219
688558
603023
603615
301003
300707
002712
002945
600383
601012
600639
002182
000719
300160
000851
603088
002333
600415
688458
603903
002392
300489
688530
600235
002377
301178
002248
603068
603396
600900
603286
002090
600458
002428
603970
688347
300165
002797
001268
600137
600689
600671
600281
300310
002481
002468
601868
600107
002775
300093
603613
003038
301335
603399
002987
603356
000728
002064
000888
300324
600883
301099
600081
301517
300491
600300
600019
002398
300079
600061
600738
605069
003020
000909
300255
600199
000688
600550
002973
603767
603386
605258
600307
300907
601187
603836
605055
301063
688311
603020
002239
600178
002613
000593
002937
002771
002788
300925
600197
002774
688429
301052
000958
600533
002822
002984
301338
002125
300399
605169
300850
603162
601808
603076
000801
300919
601002
300348
301234
688618
600792
600229
688419
001300
300132
600520
000670
300145
603303
301580
603955
301135
002809
000529
603919
601528
002695
300448
603387
603466
300375
002254
301448
301522
000892
600266
603335
600358
300688
002489
300350
688717
002192
002474
300183
000821
000415
300949
002869
000936
002840
300340
603032
600211
301515
000504
600817
600176
600825
300393
002719
600115
603272
002857
601598
603360
300413
300468
603171
605088
600735
600759
603408
002607
300762
002651
002057
600558
