601200
688362
002201
301022
688153
600491
000563
688114
688455
688021
688287
300545
601968
300595
601595
300952
600887
002054
688247
688108
603385
600133
603301
300501
688161
600318
002091
301113
300239
000410
300337
301272
002066
300650
600109
002558
301518
603119
002782
301076
300994
300409
002132
300394
000759
688088
601015
603102
301008
002605
002065
002872
002363
688139
301283
002214
600693
301236
002583
603629
300275
300314
002162
002056
002289
301367
300746
301077
688233
300537
600776
301313
603816
003004
301148
000712
688141
601801
600249
002642
000036
600284
002989
601163
688027
000612
603153
300070
002596
688529
002763
603612
600814
688510
601099
605303
688266
002368
300528
601880
600165
002972
601628
688057
002210
300113
301231
002992
688230
300591
688121
300279
002571
002742
300769
300285
603208
600113
688082
688585
001255
600303
600857
605337
688586
002887
002174
301287
688633
600893
605499
301486
603937
301596
002274
002340
688212
000407
600665
301328
301315
002559
002268
301255
300823
002899
600377
301329
603358
300100
300627
605060
600769
000420
600778
603048
603866
300910
300125
000014
600482
002629
301152
300265
600439
600479
002726
000860
600715
002457
688399
603678
002808
603341
300697
600691
688137
300049
000737
688302
300072
300251
300115
600289
600797
002861
688008
601519
301206
600794
002897
301175
603458
603890
600149
300750
605005
300002
002466
688004
601086
300830
002490
300525
002469
605098
002106
600018
002946
301361
002185
000652
600789
300352
600325
002868
300709
300758
600573
300416
301218
300052
002722
603393
600560
688708
600237
600909
600827
301500
600158
301326
301298
603585
002563
002397
600724
001222
688472
301270
002518
002353
603733
600727
000852
300605
002895
002263
688518
603602
002747
603011
301098
002734
002836
600193
603860
000711
001308
301617
603089
300965
002168
000581
601162
300119
688778
603991
002780
000776
000058
002615
688188
600246
600212
002498
688686
688017
000032
688117
600633
300558
601366
002533
301210
688716
300951
688176
002510
300059
301626
605136
002920
300141
688109
300861
301387
301111
600980
300400
600757
002194
300102
605188
300789
688433
688182
002601
000990
688726
300956
688281
600259
688029
689009
300164
688375
603221
002980
603598
688103
601788
688625
688052
000967
002277
688248
300320
300683
002164
601229
001366
600675
300208
002276
688236
600714
600129
603988
601298
600350
601121
301356
301353
300904
688627
300993
603948
002978
300384
688308
300541
300677
003040
300289
688323
605108
301049
600845
001339
001218
688566
000062
603636
688115
688076
000715
300691
000783
688655
002200
000831
002110
603535
002423
603158
301120
603315
603127
603811
688087
300389
601601
002006
301302
600610
000720
605178
603310
600601
688568
002139
600052
300926
002105
000555
002085
300892
301062
300788
605133
002798
603600
605300
600865
601696
301273
688026
603219
002871
600191
601798
300798
600062
600219
600064
603799
301388
300637
600984
002073
300975
000792
300655
002815
688285
300622
600590
300795
603516
300597
301030
001217
601901
301161
605168
301025
300576
301067
301305
603109
300319
000505
300307
605086
688653
002388
688519
300765
600846
603058
603500
600369
300120
301589
300930
603587
000750
002673
600054
600859
600673
688271
603520
600993
603236
600299
002479
300425
600392
002452
002777
688328
000683
002014
603990
300435
600505
605298
300166
688517
002099
603016
603508
301108
603568
300512
301217
688066
000007
002911
301251
002258
603677
600838
603367
605286
603719
688528
002845
603228
001322
301122
300235
301280
600901
002243
688596
600694
000985
002430
605208
002620
688533
300504
002438
301208
002204
603703
002564
603083
603583
600516
603172
600331
002298
688265
002256
603390
002581
300773
603183
601666
002697
601727
600507
688611
002293
002922
002183
000528
301380
300757
002167
002415
002517
688227
603999
003030
301363
301265
000823
002012
301193
002028
600966
003012
300864
000731
300440
002282
300618
002111
300339
600918
301043
605080
600295
688428
603950
603578
301093
301299
603698
300143
301383
300938
300580
603132
600056
300966
300333
300315
605058
601021
002419
601827
605122
603688
301568
301026
002768
601222
300369
600728
688629
002216
002939
002410
301207
605189
001206
600233
300601
300012
000812
300452
603737
000011
002906
301107
688155
300457
000656
002931
603169
001226
600208
605081
688083
002218
300016
300953
003000
002676
300020
603035
002440
600365
600641
003011
002127
605090
688170
002603
600876
600556
300031
603105
688669
603226
300097
002144
002319
603377
301115
002988
603150
600584
688175
002328
688132
300057
002442
301269
002698
300493
603018
002336
000682
002586
688126
000059
688351
301203
002209
301166
300803
300857
301559
603768
002198
301536
001323
603559
601108
001311
603711
603199
600444
000409
300729
300388
002961
603307
603906
688719
600839
002551
600736
600894
300685
600741
002597
688301
000922
002381
688395
601878
300108
600880
002706
002327
002097
301391
002820
000969
002858
300124
601100
300405
300518
002159
002889
603776
600416
301321
000561
300037
300214
002745
002406
300546
300674
000886
688036
603855
605228
002061
688612
603311
603682
002067
603901
002692
603101
300062
301220
002454
601918
002543
301189
002412
603879
603214
301325
301252
001229
301053
688646
688159
688246
600740
003009
300469
300500
603380
301267
001373
300085
002126
600895
603388
601375
300323
688450
603237
601399
600829
600030
300628
000586
002918
300449
688386
300690
002309
300819
301468
300719
300590
600206
605196
600051
688191
002746
300453
002534
301167
603429
603297
600682
300566
600292
002674
603722
600499
600390
600355
300862
002390
300866
601615
301309
603599
002658
688363
002449
002170
002080
002921
605100
605378
301603
688398
002500
300987
001227
002197
603398
688501
300101
000422
600143
300816
688077
300897
000915
688125
300001
688690
000960
300437
001332
600598
000532
600155
603190
605488
001228
600754
002859
600721
001358
000983
301221
603348
002588
301020
002799
601011
688526
300737
300890
301259
300081
002530
300480
600031
000957
605186
301078
688039
601231
600376
301150
300653
600503
300684
601010
300359
603053
603227
603103
603639
002116
600256
603558
000802
600775
301239
301185
300254
002905
603992
600345
603113
002351
000031
300917
688698
002316
300676
300088
600106
000526
603057
603055
600012
301081
003032
600315
300484
688148
300513
002471
603712
688588
603359
000989
000582
603166
600406
002024
002036
600906
600180
300584
300424
000622
601869
600703
002832
300865
600073
002425
300911
300928
600688
600513
603980
301153
300550
000738
300278
301086
688267
601689
300808
000609
002396
600888
002637
000815
001379
688195
300593
603915
603209
603963
688552
603577
300554
002472
000417
000863
000923
002793
688520
300600
603638
688317
600774
600549
603123
000755
300817
002112
002145
300226
603595
001317
601360
600664
601555
002778
000605
002846
002387
600262
002599
002849
300712
002238
688337
688539
605099
603239
601198
300902
605218
688468
688156
601377
605008
000607
603822
002150
301508
603726
688041
603180
688208
300151
001223
002818
300577
600190
300916
002343
001328
002728
002870
002826
002424
600955
000419
300838
601003
301539
000151
002963
301035
002925
600958
600711
002032
600123
300963
300465
603708
603186
600875
300602
000686
002767
688157
300121
600596
301421
688562
002860
300548
000567
300699
601369
601512
688012
603357
301289
301033
002789
001378
603917
000933
002848
000501
300203
600635
300779
600271
603773
600867
301362
002576
601136
300130
601995
688466
600136
603586
301598
002208
688385
002048
301179
000040
605277
300675
600497
002715
301097
002659
600272
300047
002926
002644
601877
300067
000948
300364
600538
600739
000627
300718
300215
300547
300486
000510
688577
000030
300561
300107
600917
300075
688598
300253
688396
688605
000810
000803
300004
301182
603071
300768
300790
000421
300174
600089
301505
002029
600217
601456
601311
300706
600663
601882
600750
002998
688282
002801
603110
000156
002569
603193
603969
301047
600395
300959
600360
601999
603355
603369
300572
002823
300778
002251
688048
300042
002115
001282
600603
603291
600592
301126
601137
688639
003010
688147
002645
002760
600661
001283
002394
000762
300977
600480
600527
000785
300929
688676
000813
603666
688171
300933
300411
300893
002375
603758
601990
601116
002670
688192
603268
301320
600111
000060
300035
688479
605566
300041
688657
603062
300981
002124
605068
002902
601933
000544
600579
301159
688469
688560
300134
603909
603023
603100
600239
688239
002593
600613
600989
300451
600383
300138
000719
600862
603088
688458
002723
002666
300517
300247
002377
603607
301178
300562
002736
002885
603010
300196
601059
300277
002951
002378
600103
000050
603188
301256
002521
002428
605319
301516
300095
002219
300165
002797
603697
002550
001268
600053
600137
300645
300401
300882
603881
002481
603929
300825
600182
601900
301130
002775
301212
603613
003038
600557
603920
301335
002987
603009
300793
603029
300499
603596
600403
000728
001208
002812
002245
301377
301517
688496
600300
002660
002311
000917
300624
300079
001210
600061
600738
000628
002700
688092
301533
688679
688523
002970
688382
301360
600307
300907
002519
600381
002669
688366
600396
000912
002117
300833
000620
000830
300365
600539
603766
301063
688180
600141
688229
002239
002063
000547
603061
688602
001296
002771
600301
600898
688331
300559
301052
300679
300839
300073
600533
002125
002130
601208
601808
000615
603281
002246
002436
002244
301548
300919
002686
688513
601678
600079
002287
601952
002386
000425
301234
688203
301489
600792
300886
603589
000670
002265
688280
300568
301580
301295
600885
301396
600410
000521
000529
000703
301128
300629
603919
603159
300448
000597
603387
300224
002304
000159
301439
600563
300221
603466
688314
300050
600095
600266
300688
300849
600704
688685
002460
301101
300183
000821
301622
001202
688420
600255
000415
300949
605158
002840
300340
600211
301515
000504
600202
300393
603896
301520
601236
601155
688538
002690
301591
600210
600735
688522
002651
000697
600830
600785
600462
301190
603308
