300610
002787
300891
688408
002201
301022
600319
000563
300071
688262
301085
002044
002773
300545
688002
301172
002991
601595
603385
300229
300831
301262
002863
300501
300412
301113
603344
605588
300337
002066
600109
002558
301518
600843
000713
300409
301307
002654
002132
002092
603039
300810
300531
601858
002587
002065
002872
300260
002866
000638
300061
301236
603337
603138
600540
300596
300275
002162
002056
688152
688186
688551
301367
002338
301260
300537
600776
002732
605339
300344
603173
600249
002919
002642
000758
605198
002575
601163
600006
300552
688529
002763
688209
002828
605303
300631
600435
688266
002368
300528
300288
002459
600371
002972
603116
002299
300113
688230
300591
688181
000019
300279
601677
003025
300285
603949
688585
688521
600644
600303
605337
600230
603178
002206
002400
688019
688721
603331
300027
002903
600501
002237
003043
603937
688355
300136
000987
002274
300077
002247
300698
002340
688212
603285
300863
603115
601020
002559
300988
300823
000973
000766
300019
688409
300180
301297
300589
603326
603066
002421
601007
600482
603040
603608
300905
600439
000903
688305
000860
603637
600715
002457
300644
688376
688096
301382
002667
300316
000559
002296
603810
002330
300049
300687
600448
300043
603258
300770
600057
301330
688008
601519
600794
603458
603203
002466
000789
603176
002469
301290
301195
603686
300346
301381
002487
301310
688325
002687
300581
601609
301552
300446
000428
002185
301257
300352
300159
300374
000066
002512
300709
300022
002833
601929
301292
300033
300052
002722
600733
688631
301500
301326
003035
301298
002221
603585
300556
600359
300162
603733
600727
603602
300269
300385
002734
002836
603860
002975
603883
300965
688788
002168
300844
601162
300390
000776
000058
300223
002196
300386
603665
600399
688709
300558
600552
300652
300305
603215
300059
300008
688225
300231
300400
688692
600757
000878
300102
300507
000599
603995
301106
688726
600990
601211
600559
301219
300157
600810
300167
603533
603221
300586
601177
601788
688052
688005
002146
300208
300464
688001
300335
603988
600354
001326
301356
300771
301229
300150
300532
603139
300815
300058
600578
300289
300626
002211
300842
600749
300219
600845
001339
001218
603628
688566
000062
603636
002165
688115
600075
300182
002352
301233
002806
300496
001287
603270
000783
301558
002423
002093
603811
300456
002598
001234
002006
301302
600654
600610
301155
688621
603725
603310
002786
301200
603196
301075
001318
688095
300193
301065
000049
688081
002085
300892
600847
300763
003019
605300
688681
603993
002279
688026
688595
603383
601798
603799
603685
603282
002957
002901
600428
300637
300632
300975
301499
300666
605167
605138
300797
601998
300155
603967
300597
603987
688720
301025
300576
600753
301279
002120
603022
300319
000505
300307
000584
301131
002388
603056
688519
300765
603058
300950
002829
688138
002462
603275
300623
300192
603926
000750
603839
000021
002713
601033
000797
601956
688506
688097
002976
603506
002479
300594
600048
000793
603990
300166
603508
603328
600171
300512
002017
003023
301138
002258
300780
605286
688512
688528
603093
688600
300235
002176
600901
002243
001696
600694
300303
603496
301526
300671
688251
002731
300466
301408
002600
002255
300087
603079
603172
603151
603755
688575
300175
002696
603505
300773
002284
688628
600705
300234
002697
603738
300611
300757
688227
003030
002389
301265
688003
603960
002376
000731
300440
002264
002759
300859
300618
000757
002111
300339
300535
003018
301043
300248
688428
301170
600159
001380
300575
002451
002636
002830
300315
002009
003026
000736
000546
300133
300662
600536
605111
301395
688258
000965
300112
600630
002506
300369
600615
001209
300796
002679
002939
605500
600119
605189
002622
000812
301107
000856
688155
603527
002223
000656
300176
300658
600608
688343
002758
002661
600250
300895
000545
600459
603019
600426
301459
300286
688172
688508
601890
600697
688259
300097
603377
601061
688128
603150
605358
688210
002795
301469
688557
001336
300161
603212
002209
688288
600666
002635
300803
300299
002278
300177
301559
301046
300971
003033
001311
603711
002971
002606
301091
600375
600444
000409
300784
688515
301587
002961
300506
301023
300776
300604
300505
688129
002912
600894
600796
003006
000626
603059
688395
603729
000630
601878
600880
002327
300281
300099
002097
002858
300720
300405
300066
300274
002160
301133
603082
000034
300450
002990
300674
300311
300271
300515
301314
603901
301169
300980
601918
300467
300184
002579
301189
688531
600730
688592
300291
300373
001229
301053
003009
001373
300877
603918
300085
688122
600895
601375
000676
301488
603201
603111
688111
301158
000701
600742
002609
300690
300475
688499
601717
300287
002395
300191
600595
688191
002534
603189
301167
600571
300759
688549
688116
300021
300735
601339
603722
600390
688219
002852
002186
300494
600038
600719
688398
002500
002197
001298
300398
002344
000953
300752
300612
688661
600143
002570
600279
688578
600976
300290
300001
300557
600816
300188
002810
002342
688127
603829
000532
600155
603190
001228
002101
603716
301221
600777
603528
301020
600657
301112
300258
688035
000751
300081
000635
300441
600130
002625
300438
603489
002321
000957
002079
605186
688710
688039
301150
002675
000008
600503
301348
603861
688620
300359
300813
688234
301028
600731
300098
688418
600269
301185
688061
600345
603113
002351
600779
600283
300678
300917
300724
002271
605338
300885
688607
600106
001279
688582
688217
002383
301081
688178
600007
000997
300213
688085
688588
600561
603966
688090
002295
002036
603177
605377
600470
300424
002494
002253
002409
000096
603605
002425
301392
688131
601069
002708
002235
603980
301153
603090
300278
688662
300148
688195
000070
603690
002380
002721
603908
000056
688617
605388
301633
002890
301196
002360
300851
002129
002671
600531
603375
605222
000166
688213
603273
300017
300600
002355
600760
603638
600774
002523
301369
600549
603123
300860
600287
605162
603017
002145
600826
600330
002649
300226
603595
300407
301571
601360
601555
600004
301386
000605
301116
300230
002387
600262
300126
002599
002238
600387
688337
301418
603788
300962
603239
300236
688071
601198
300902
688468
003029
300169
002150
300654
603180
688016
300217
002337
003016
603085
002446
600082
002205
300577
600190
002873
603122
002870
002584
600678
000419
002261
002443
301539
603928
688682
600361
300032
600864
603078
301510
605166
600338
603817
600809
000617
688080
300963
600811
002434
603186
000686
300973
002767
002753
300445
001236
688448
600783
002682
301421
002455
300756
600583
603880
001230
300873
600121
600699
000055
002860
603006
002789
600819
300779
002476
603439
300054
300296
600609
002501
301225
002420
300514
603182
601599
600467
603586
301127
000700
002933
600456
603321
002546
600616
002026
002715
301228
603280
300444
600228
002659
000782
603931
300047
600831
001324
301109
002762
002926
688636
002644
600460
688361
603051
600756
000948
300364
605577
300222
300854
300710
002114
300665
688379
002638
300486
002702
603125
000030
300549
001205
002960
000911
000803
300481
300004
000955
300786
000970
300477
002094
300706
605028
600353
601882
002998
688282
300847
300672
688232
000157
600360
002802
002513
000798
300419
300427
688048
600706
603080
300818
002115
300553
300609
001282
603036
605287
002624
300046
001239
301032
000799
300908
002645
300210
603696
600658
002394
000762
300977
600527
300263
300929
600543
605288
600099
600232
300411
300986
603758
601990
601116
688192
000695
002161
000639
002493
300327
688070
000060
600184
600363
600515
603885
688667
002940
605068
000548
000531
002803
301056
600897
300270
603037
001219
688558
300900
603023
301003
300707
002712
002945
600383
600837
002182
300160
000851
603088
002333
600415
688458
603903
300489
688530
600235
002766
301178
688799
002736
002248
603068
300277
600900
000050
603286
002090
600458
002428
603970
605319
688347
300095
002716
300165
002797
001268
600137
600671
300645
300284
600281
300310
002481
688615
002468
601868
600107
300093
002590
603613
003038
603399
002987
603356
001979
603596
688167
000728
300324
600883
301099
600081
301517
300491
600300
603968
300079
605069
003020
000909
300255
600199
002973
603767
603386
600307
300907
002669
603836
300365
605055
301063
688311
603020
002239
600178
002613
603312
000593
002771
600301
002788
300925
600197
002774
688429
603619
301052
000958
300073
600533
002984
301338
002125
301551
300399
300850
603162
601808
603076
000801
301548
300919
601002
601678
300348
301234
688618
688419
300886
001300
603589
301300
600368
600520
000670
300568
300145
603303
603933
301580
603955
300293
301295
301376
301135
002809
002756
000529
603919
002695
300448
603387
600563
300221
603466
688314
603266
300375
301448
301522
600095
000892
603335
600358
300828
300688
300350
688717
002192
002460
002474
300183
000821
603681
000415
002869
002840
300340
002689
603032
600211
301515
000504
600817
600176
600825
002719
600115
002857
601598
603360
300413
300468
603171
301591
605088
300846
603650
600735
601515
600759
002607
300762
002651
002057
301293
600558
