600988
603823
001225
600378
605333
603816
603798
002155
300615
300697
000737
300434
000868
300630
300758
300313
002221
002397
600362
300139
600259
002317
002226
002932
000408
600222
300039
600071
300472
002737
301291
001337
002603
301203
002597
600060
603606
300218
002193
600618
300733
002530
300540
301331
002577
000802
002346
603179
300584
000622
600513
002793
300158
600547
600722
000795
000807
002644
603193
300127
600613
000937
000301
603213
002245
600367
600288
002349
002426
301396
000597
688717
001202
002865
300985
