300982
601001
300239
600820
301313
002575
002989
002596
688510
601880
002743
600857
603937
000407
000766
603358
601226
002629
300265
000860
603678
300377
603689
002868
000711
603991
688188
301387
689009
688052
605116
000669
001218
002040
000715
603535
301120
301302
002871
688073
001217
002479
301217
000007
603677
605208
002620
301208
601666
300757
003012
002282
300301
301355
688169
000656
002661
002440
002127
300189
688669
000682
002586
001323
603825
300935
000561
603003
301220
603879
002233
603722
300816
600598
000983
603053
000582
300424
002832
000738
000609
688617
603963
000417
002112
600664
002778
000905
002387
603031
002424
600711
603708
600635
300067
603071
603255
002569
600603
002394
605068
603909
600629
002550
603206
001210
688382
600381
601808
002361
002244
000425
002267
002041
000703
603159
300669
688187
600530
000697
000680
