600491
688287
600887
300239
002066
000759
001225
688139
600693
603629
002289
301313
603826
000612
603153
601880
002864
688585
600857
300840
300615
605499
605199
002847
600377
603358
600778
300910
002629
301152
000860
603194
688096
002808
600691
002927
688302
600289
600797
002307
300056
603890
300750
002490
603686
605098
300630
688793
600018
002946
002868
603393
688708
603585
002563
002397
688472
300607
002836
603860
000711
600246
301111
002601
688658
689009
605598
688625
002393
600714
601298
600350
301356
300853
002173
300308
688323
002730
688566
603200
000715
002110
603315
688665
605178
688081
300788
301273
002871
600191
003003
001217
301067
600824
603500
300930
688271
603520
600299
300435
605298
001322
002620
688251
688443
301208
688575
002581
603529
601727
002293
000528
002432
301363
600807
600966
003012
301093
601028
300333
688169
300472
001206
000656
002127
600405
688669
002076
688175
002442
301209
001367
002586
301203
603207
002198
001323
603559
600444
603825
688687
600894
000426
688301
002327
603003
300131
605228
688612
603365
002580
603879
688646
300500
000596
300323
300218
002309
000592
000564
301187
688363
002449
605378
300816
300437
603126
002799
601011
600618
300733
300890
002530
000975
301078
601010
688677
603053
603218
600256
000802
301239
600012
605289
000989
000582
600406
000622
002832
002425
600513
000609
000417
002633
600774
600664
603822
600083
600722
600190
001328
000151
002032
603708
301421
000807
301598
000040
300675
600272
600538
000619
688379
002995
600917
688605
000421
300477
002488
600750
688282
002569
603193
600395
300127
002251
300977
002528
605566
603062
600579
300647
002552
301037
603909
603615
688449
000995
603213
688426
603356
002311
688382
600381
002750
600288
600301
600898
301156
000679
601808
002244
002269
002426
600885
002640
603159
600563
688314
600266
688717
300183
301622
001202
600698
300949
002865
600530
